# A162700 (b-file created by https://github.com/briandfoy/excellent_numbers)
1 <<<<<<< HEAD
2 48
3 3468
4 140400
5 190476
6 216513
7 300625
8 334668
9 416768
10 484848
11 530901
12 16604400
13 33346668
14 59809776
15 3333466668
16 4848484848
17 4989086476
18 101420334225
19 181090462476
20 238580543600
21 243970550901
22 268234583253
23 274016590848
24 320166650133
25 333334666668
26 346834683468
27 400084748433
28 440750796876
29 502016868353
30 569466945388
31 33333346666668
32 48484848484848
33 1045751633986928
34 1140820035650625
35 3333333466666668
36 103495840337945601
37 115220484358463728
38 134171310390093900
39 139601140398860400
40 140400140400140400
41 146198830409356725
42 168654484443958128
43 189525190474810476
44 190476190476190476
45 215488216511784513
46 216513216513216513
47 225789700526090001
48 241951680548171776
49 271851166588008693
50 299376300623700625
51 300625300625300625
52 332001666665001333
53 333333334666666668
54 334668334668334668
55 344329484680361873
56 415233416766584768
57 416768416768416768
58 468197520829099776
59 483153484846516848
60 484848484848484848
61 529100530899470901
62 530901530901530901
63 572945416949321793
64 21733880705143685100
65 22847252005297850625
66 23037747345324014028
67 23921499005444619376
68 24981063345587629068
69 26396551105776186476
70 31698125906461101900
71 33333333346666666668
72 34683468346834683468
73 35020266906876369525
74 36160444847016852753
75 36412684107047802476
76 46399675808241903600
77 46401324208242096401
78 48179452108449381525
79 1283162072038050132225
80 1382185301039663949900
81 1401308698439970930753
82 2178784179051512078476
83 2338121616653710361068
84 2367149758454106280193
85 3333333333466666666668
86 3576505852069682460225
87 4848484848484848484848
88 101510361784334387074113
89 104809496370340285948725
90 104867119466340388354988
91 108155856320346198708225
92 117348405020362103649776
93 119955572010366530914476
94 123633057940372717307025
95 157290668240426650937601
96 158614297300428687290001
97 165956011660439883404400
98 166044001660440016604400
99 185772506140469344148976
100 190380966190476052390476
101 210517086430504811380725
102 233207473870536277166901
103 238089296484542932601328
104 238470751420543451056401
105 243821120534550699427413
106 244080746030551050049100
107 249488568480558330649600
108 262468374516575637057648
109 268116781766583098096748
110 268391679350583460172501
111 274134775984591003089153
112 279933548734598578600053
113 326675749084658325750768
114 326741575916658408409233
115 326853064080658548395776
116 333200016666666500013333
117 333333333334666666666668
118 333466683334666833346668
119 340007582584674990917568
120 362683545166703009885493
121 370100219416712091561408
122 407651575834757516589333
123 415080116584766401735233
124 440965427266797129810828
125 448806505800806370749376
126 448943047484806531405073
127 449373011416807037244993
128 456713305850815659456876
129 457449621834816522980908
130 485018201516848681835153
131 493193923850858157427500
132 493339234266858325599253
133 501781323700868081690001
134 578571099120955675476225
135 579021625716956183909488
136 588395216966966749268588
137 597902255980977440209776
138 598097765980977659809776
139 17496568697344534078501653
140 33333333333346666666666668
141 47509369642848371425904913
142 48484848484848484848484848
143 55969768436669343228469068
144 1315845549751638587439677073
145 1972326939807048593562285100
146 2358780406696653992267107413
147 2539184952978056426332288401
148 2660246258358458033932090368
149 2976742514109062151766778101
150 3119882136462063978501006225
151 3333333333333466666666666668
152 3468346834683468346834683468
153 3555684841116069426034814400
154 3831417624521072796934865900
155 4038515677201675295926614273
156 4266805990944078021595262976
157 4690875838726683013899150453
158 5131073116985088112792772501
159 5742239882566695076662591093
160 5824675383423496007081591148
161 100219055314266332058600795628
162 100416430049416332415236523968
163 100767042979370333048104528725
164 100840912601660333181335395601
165 101648857539284334636142367088
166 102629078238834336395312005068
167 103401005011880337776217116225
168 103704531508266338318136320853
169 103711297991734338330210479148
170 107689478275016345378780480448
171 108232034753680346332510891776
172 108781393279084347296393305233
173 109285518652266348179326266453
174 109700871462610348905650086476
175 110068866173216349548310643713
176 110078307495210349564788381525
177 110342852117084350026280628208
178 110882639380740350966663796976
179 114992199473650358071788072501
180 115047400926516358166588875153
181 115321126280716358636429336688
182 115898438479084359626037045393
183 116096423959766359965003321173
184 116557869304834360754218550133
185 116938353145580361404111185776
186 117430759369834362244037378133
187 117697641105340362698739764976
188 118539839632420364131203294225
189 122859766258084371421981609968
190 124546985688130374244488713100
191 125729304037984376214250038273
192 131088090243984385061264797953
193 132487235185716387350103488913
194 132494982314284387362753311088
195 133520375168470389034787330901
196 137365207297400395264983869376
197 137531444349620395532985393776
198 137770493634510395918176585525
199 138272036940834396725589218293
200 139237829841250398277545312501
201 139601139601140398860398860400
202 139820718251530399212414015276
203 140400140400140400140400140400
204 145202538234220407782191057776
205 146396643952330409668916703276
206 146411037656130409691627451276
207 146459799098216409768558884288
208 147054531772234410706180970028
209 147705907782610411731639513525
210 147978374044084412160130566768
211 152490037129016419217423961153
212 152666345809916419491786514193
213 153776675191490421217213589900
214 154156683280120421806787854401
215 154220892036784421906358778113
216 155376119400416423695477767168
217 159506683799284430057049675888
218 160474008440734431539008463628
219 161100317092416432496970231808
220 161733251100916433463834261393
221 162430910219284434528147320688
222 167008022669734441474463933973
223 167515411417850442240686143125
224 167701401065630442521367828725
225 168529894667916443770458756208
226 168937505316790444384277421525
227 170584144432970446859144210901
228 175664757775750454447868187500
229 176867500959484456234165593873
230 177279087468266456844571295148
231 177348629425010456947661974476
232 177393874534984457014727615553
233 177403014965016457028275584448
234 177624785259120457356917076225
235 181824276426984463556192845248
236 182890561720266465123122717653
237 184124120718216466932342581313
238 184247680896484467113357561328
239 189525189525190474810474810476
240 189730022102166475107886052268
241 189739524397834475121680747733
242 190476190476190476190476190476
243 190485714423810476204285809525
244 190910541938700476820067700625
245 191933574840484478301235615728
246 192007309697250478407897796876
247 197599659232660486462007315601
248 198128902873016487220653325248
249 199041018299070488526708854901
250 204540163919780496363619311600
251 206738303802220499478758368401
252 211744385176120506537333105600
253 212049521090240506965995393025
254 212769043724880507976091654401
255 212831126434584508063199625793
256 214373178874766510224498329548
257 220360210650350518573845356876
258 221617092584834520318391286133
259 227751253993910528792858962476
260 227893114819466528988077938988
261 227973637978130529098873171276
262 229421055683916531088576863633
263 229852781241334531681372897068
264 230092783984090532010782997525
265 234180293398660537606457564400
266 235748668119950539746331752501
267 241988363939584548221426270208
268 242235831841360548556314401025
269 242290147322166548629804888108
270 243097286145416549721362761793
271 243593181625534550391514978188
272 244322491411234551376433319948
273 244333519088766551391319880053
274 250109635971130559164077866901
275 250362042719734559502631946028
276 251309202674166560772251473708
277 257623145589950569203681236876
278 258567823993834570460466289068
279 259298928536766571432290719628
280 263581229258420577110295936401
281 263596816955166577130920038133
282 265734622765234579956474661173
283 267093991210984581750110745153
284 270960071811966586838506173813
285 272214225954280588485183132225
286 274394046445980591342658000401
287 274405873454020591358145999600
288 279293208849266597744013235253
289 279480027492450597987552763125
290 280065254901266598750199919948
291 280599372069416599445893867968
292 281507290553734600627709308053
293 285944857135850606390401027500
294 287860563866410608871306678101
295 293255131964810615835777126101
296 295739481364790619032569581525
297 295876774067240619209043457601
298 296898199585716620521345727088
299 300625300625300625300625300625
300 301284650071834626144624220908
301 302456674500220627643779902225
302 309996495781470637255304550901
303 311566770601984639250047434753
304 311855323487920639616343033600
305 316254424953400645190891330625
306 319035802906770648706132577100
307 319048777193230648722513422901
308 323557615034584654405948384833
309 331301388033520664124986539776
310 332725989093216665907330573313
311 333320000166666666650000133333
312 333333333333334666666666666668
313 333346666833334666683333466668
314 345751183198380682125401873776
315 347284978636310684026194690476
316 347303454100716684049079621488
317 348024735121510684942297845525
318 353152507104880691280840454401
319 353464543825984691665907478528
320 356026188587916694824319917168
321 362666289445910702988710397525
322 363749961260334704318106807733
323 367431742678766708828489979573
324 367729831144466709193245778613
325 369614599388520711498103630401
326 369805471148916711731380255633
327 370748487868016712883531247873
328 371137626149750713358790296876
329 376013888540800719305451749376
330 378225805963860721997622060400
331 384688670146460729845218580976
332 385347011274430730643093700725
333 390079167642484736370100337553
334 390513088117410736894537982476
335 390743393375666737172837835468
336 391859833347484738521470465553
337 393242112962830740190159601100
338 399605509363240747856986646976
339 406184410066984755758020168128
340 406299450851440755895954886400
341 415233415233416766584766584768
342 420318014687166772648204655733
343 422094712453584774763614746368
344 428739211895734782659902967253
345 429092492354170783079088821100
346 434410917820570789381886885100
347 443629541190516800272897833873
348 445464643662290802435911718476
349 449392821122640807060548409601
350 450903340202234808836919538028
351 452871346979770811149680327276
352 456892774084150815869953543125
353 457103482621166816117072757068
354 460125702243034819659297578988
355 460133899006966819668899021013
356 465120783916810825504771366101
357 466633724698240827273085337601
358 467505992986766828292126284748
359 472398364506966834001546338988
360 473959291996640835820975129601
361 474840571614766836847740073548
362 479705795407160842510205014976
363 480343252317666843251381478133
364 481255169212834844311380420108
365 482262019415970845481327284725
366 496913702072516862459813197073
367 501422003096000867667003109376
368 502571576858820868993536641776
369 503511327583000870077573890625
370 504635010665740871373344012400
371 509805249719466877329266786988
372 509936171437016877479954401728
373 510040606330110877600151797900
374 511683110449016879490031761473
375 517928439250234886666965345173
376 519553443476784888532061382913
377 524967850563660894739679844976
378 530901530901530901530901530901
379 531043801937260901693585156976
380 534382745495480905509615729600
381 541310582910484913415420321648
382 545838624410716918574127824913
383 547928726833180920953102238225
384 549487504438300922726406890001
385 554259945841660928150867804400
386 554728861256916928683461017968
387 554820814160710928787892894101
388 554962192710334928948452847733
389 560820773750180935596448272401
390 561113176880916935927974873233
391 561664678558210936553196405900
392 563135191270666938219822279468
393 568842683701750944682318296876
394 569637140635834945581097858668
395 577169553738666954093416548693
396 578175519186820955229004047600
397 582947591728084960612037416593
398 584493199198516962354144329328
399 586504602907016964620263180353
400 591546536108540970295748980976
401 598121763808484977686763820528
402 605200246931516985630552396528
403 605350277812100985798781019376
404 605614731927416986095297349568
405 607460242840830988164049878901
406 614022909133300995513456500625
