48
3468
140400
190476
216513
300625
334668
416768
484848
530901
16604400
33346668
59809776
3333466668
4848484848
4989086476
101420334225
181090462476
238580543600
243970550901
268234583253
274016590848
320166650133
333334666668
346834683468
400084748433
440750796876
502016868353
569466945388
33333346666668
48484848484848
1045751633986928
1140820035650625
3333333466666668
103495840337945601
115220484358463728
134171310390093900
139601140398860400
140400140400140400
146198830409356725
168654484443958128
189525190474810476
190476190476190476
215488216511784513
216513216513216513
225789700526090001
241951680548171776
271851166588008693
299376300623700625
300625300625300625
332001666665001333
333333334666666668
334668334668334668
344329484680361873
415233416766584768
416768416768416768
468197520829099776
483153484846516848
484848484848484848
529100530899470901
530901530901530901
572945416949321793
21733880705143685100
22847252005297850625
23037747345324014028
23921499005444619376
24981063345587629068
26396551105776186476
31698125906461101900
33333333346666666668
34683468346834683468
35020266906876369525
36160444847016852753
36412684107047802476
46399675808241903600
46401324208242096401
48179452108449381525
1283162072038050132225
...
1382185301039663949900
1401308698439970930753
2178784179051512078476
3333333333466666666668
...
4848484848484848484848
