48: 2 2 2 2 3
	4: 2 2
	8: 2 2 2
3468: 2 2 3 17 17
	34: 2 17
	68: 2 2 17
140400: 2 2 2 2 3 3 3 5 5 13
	140: 2 2 5 7
	400: 2 2 2 2 5 5
190476: 2 2 3 3 11 13 37
	190: 2 5 19
	476: 2 2 7 17
216513: 3 3 3 3 3 3 3 3 3 11
	216: 2 2 2 3 3 3
	513: 3 3 3 19
300625: 5 5 5 5 13 37
	300: 2 2 3 5 5
	625: 5 5 5 5
334668: 2 2 3 167 167
	334: 2 167
	668: 2 2 167
416768: 2 2 2 2 2 2 2 2 2 2 11 37
	416: 2 2 2 2 2 13
	768: 2 2 2 2 2 2 2 2 3
484848: 2 2 2 2 3 3 7 13 37
	484: 2 2 11 11
	848: 2 2 2 2 53
530901: 3 3 3 7 53 53
	530: 2 5 53
	901: 17 53
16604400: 2 2 2 2 3 5 5 101 137
	1660: 2 2 5 83
	4400: 2 2 2 2 5 5 11
33346668: 2 2 3 1667 1667
	3334: 2 1667
	6668: 2 2 1667
59809776: 2 2 2 2 3 13 13 73 101
	5980: 2 2 5 13 23
	9776: 2 2 2 2 13 47
3333466668: 2 2 3 7 7 2381 2381
	33334: 2 7 2381
	66668: 2 2 7 2381
4848484848: 2 2 2 2 3 41 271 9091
	48484: 2 2 17 23 31
	84848: 2 2 2 2 5303
4989086476: 2 2 11 41 1663 1663
	49890: 2 3 5 1663
	86476: 2 2 13 1663
101420334225: 3 3 3 5 5 7 101 461 461
	101420: 2 2 5 11 461
	334225: 5 5 29 461
181090462476: 2 2 3 7 7 7 11 101 199 199
	181090: 2 5 7 13 199
	462476: 2 2 7 83 199
238580543600: 2 2 2 2 5 5 7 37 101 151 151
	238580: 2 2 5 79 151
	543600: 2 2 2 2 3 3 5 5 151
243970550901: 3 3 7 11 31 31 37 9901
	243970: 2 5 31 787
	550901: 13 31 1367
268234583253: 3 7 13 101 3119 3119
	268234: 2 43 3119
	583253: 11 17 3119
274016590848: 2 2 2 2 2 2 2 2 2 2 3 3 3 7 11 13 9901
	274016: 2 2 2 2 2 8563
	590848: 2 2 2 2 2 2 2 2 2 2 577
320166650133: 3 3 3 3 3 3 3 3 3 11 11 11 11 11 101
	320166: 2 3 3 3 7 7 11 11
	650133: 3 3 3 11 11 199
333334666668: 2 2 3 166667 166667
	333334: 2 166667
	666668: 2 2 166667
346834683468: 2 2 3 3 7 13 17 17 37 9901
	346834: 2 17 101 101
	683468: 2 2 17 19 23 23
400084748433: 3 3 37 101 3449 3449
	400084: 2 2 29 3449
	748433: 7 31 3449
440750796876: 2 2 3 3 3 13 41 41 43 43 101
	440750: 2 5 5 5 41 43
	796876: 2 2 41 43 113
502016868353: 7 11 13 37 37 37 9901
	502016: 2 2 2 2 2 2 2 2 37 53
	868353: 3 37 7823
569466945388: 2 2 11 37 101 1861 1861
	569466: 2 3 3 17 1861
	945388: 2 2 127 1861
33333346666668: 2 2 3 47 47 35461 35461
	3333334: 2 47 35461
	6666668: 2 2 47 35461
48484848484848: 2 2 2 2 3 239 4649 909091
	4848484: 2 2 1212121
	8484848: 2 2 2 2 530303
1045751633986928: 2 2 2 2 11 73 101 137 5882353
	10457516: 2 2 17 29 5303
	33986928: 2 2 2 2 3 708061
1140820035650625: 3 5 5 5 5 11 17 57041 57041
	11408200: 2 2 2 5 5 57041
	35650625: 5 5 5 5 57041
3333333466666668: 2 2 3 19 19 739 739 1187 1187
	33333334: 2 19 739 1187
	66666668: 2 2 19 739 1187
103495840337945601: 3 3 3 7 7 7 7 7 13 52579 333667
	103495840: 2 2 2 2 2 5 7 7 43 307
	337945601: 7 7 17 23 31 569
115220484358463728: 2 2 2 2 19 19 19 37 168451 168451
	115220484: 2 2 3 3 19 168451
	358463728: 2 2 2 2 7 19 168451
134171310390093900: 2 2 3 3 3 3 3 3 5 5 7 7 7 7 7 7 7 11 17 17 19 37
	134171310: 2 3 5 7 7 7 13 17 59
	390093900: 2 2 3 5 5 7 7 7 17 223
139601140398860400: 2 2 2 2 3 3 3 5 5 13 997151 997151
	139601140: 2 2 5 7 997151
	398860400: 2 2 2 2 5 5 997151
140400140400140400: 2 2 2 2 3 3 3 3 5 5 13 19 52579 333667
	140400140: 2 2 5 383 18329
	400140400: 2 2 2 2 5 5 11 211 431
146198830409356725: 3 3 5 5 7 11 13 37 52579 333667
	146198830: 2 5 2267 6449
	409356725: 5 5 16374269
168654484443958128: 2 2 2 2 3 3 3 7 11 17 17 52579 333667
	168654484: 2 2 17 41 60493
	443958128: 2 2 2 2 17 1632199
189525190474810476: 2 2 3 3 11 13 37 499 499 1999 1999
	189525190: 2 5 19 499 1999
	474810476: 2 2 7 17 499 1999
190476190476190476: 2 2 3 3 3 11 13 19 37 52579 333667
	190476190: 2 5 59 113 2857
	476190476: 2 2 2381 49999
215488216511784513: 3 3 3 11 97 97 277691 277691
	215488216: 2 2 2 97 277691
	511784513: 19 97 277691
216513216513216513: 3 3 3 3 3 3 3 3 3 3 11 19 52579 333667
	216513216: 2 2 2 2 2 2 3 3 3 107 1171
	513216513: 3 3 3 571 33289
225789700526090001: 3 3 7 19 37 137 137 16481 16481
	225789700: 2 2 5 5 137 16481
	526090001: 137 233 16481
241951680548171776: 2 2 2 2 2 2 2 2 2 2 2 2 7 13 37 52579 333667
	241951680: 2 2 2 2 2 2 3 3 5 84011
	548171776: 2 2 2 2 2 2 2 2 2 2 2 2 133831
271851166588008693: 3 7 859 859 52579 333667
	271851166: 2 79 859 2003
	588008693: 859 684527
299376300623700625: 5 5 5 5 13 31 31 37 32191 32191
	299376300: 2 2 3 5 5 31 32191
	623700625: 5 5 5 5 31 32191
300625300625300625: 3 5 5 5 5 13 19 37 52579 333667
	300625300: 2 2 5 5 751 4003
	625300625: 5 5 5 5 43 53 439
332001666665001333: 3 3 3 3 3 3 3 3 3 3 3 3 3 3 7 11 13 37 37 37 37 37
	332001666: 2 3 3 3 3 3 37 37 499
	665001333: 3 3 3 3 3 37 37 1999
333333334666666668: 2 2 3 43 43 983 983 3943 3943
	333333334: 2 43 983 3943
	666666668: 2 2 43 983 3943
334668334668334668: 2 2 3 3 19 167 167 52579 333667
	334668334: 2 7 7 11 11 13 13 167
	668334668: 2 2 17 167 229 257
344329484680361873: 7 11 37 83 83 52579 333667
	344329484: 2 2 83 1037137
	680361873: 3 23 83 118799
415233416766584768: 2 2 2 2 2 2 11 37 89 89 113 113 397 397
	415233416: 2 2 2 13 89 113 397
	766584768: 2 2 2 2 2 2 3 89 113 397
416768416768416768: 2 2 2 2 2 2 2 2 2 2 3 11 19 37 52579 333667
	416768416: 2 2 2 2 2 13024013
	768416768: 2 2 2 2 2 2 2 2 2 2 7 107201
468197520829099776: 2 2 2 2 2 2 2 2 3 3 3 3 3 3 11 13 52579 333667
	468197520: 2 2 2 2 3 5 7 278689
	829099776: 2 2 2 2 2 2 2 2 3 53 20369
483153484846516848: 2 2 2 2 3 3 7 13 37 293 293 3407 3407
	483153484: 2 2 11 11 293 3407
	846516848: 2 2 2 2 53 293 3407
484848484848484848: 2 2 2 2 3 3 3 7 13 19 37 52579 333667
	484848484: 2 2 83 577 2531
	848484848: 2 2 2 2 857 61879
529100530899470901: 3 3 3 7 7 7 7 7 1079797 1079797
	529100530: 2 5 7 7 1079797
	899470901: 7 7 17 1079797
530901530901530901: 3 3 3 3 7 19 53 53 52579 333667
	530901530: 2 5 37 53 27073
	901530901: 53 97 175361
572945416949321793: 3 3 3 13 19 37 43 43 35437 35437
	572945416: 2 2 2 43 47 35437
	949321793: 7 43 89 35437
21733880705143685100: 2 2 3 3 3 3 5 5 11 271 3541 9091 27961
	2173388070: 2 3 5 7 10349467
	5143685100: 2 2 3 5 5 347 49411
22847252005297850625: 3 3 5 5 5 5 11 101 337 337 3541 9091
	2284725200: 2 2 2 2 5 5 17 337 997
	5297850625: 5 5 5 5 337 25153
23037747345324014028: 2 2 3 11 31 31 271 3541 13757 13757
	2303774734: 2 31 37 73 13757
	5324014028: 2 2 31 3121 13757
23921499005444619376: 2 2 2 2 7 7 17 17 1811 1811 3541 9091
	2392149900: 2 2 3 5 5 7 17 37 1811
	5444619376: 2 2 2 2 7 17 1579 1811
24981063345587629068: 2 2 3 101 271 547 547 9091 27961
	2498106334: 2 131 547 17431
	5587629068: 2 2 7 109 547 3347
26396551105776186476: 2 2 29 29 29 29 37 37 101 271 499 499
	2639655110: 2 5 17 29 29 37 499
	5776186476: 2 2 3 29 29 31 37 499
31698125906461101900: 2 2 3 3 5 5 79 79 149 149 9091 27961
	3169812590: 2 5 7 79 149 3847
	6461101900: 2 2 5 5 11 79 149 499
33333333346666666668: 2 2 3 1666666667 1666666667
	3333333334: 2 1666666667
	6666666668: 2 2 1666666667
34683468346834683468: 2 2 3 17 17 41 271 3541 9091 27961
	3468346834: 2 17 2657 38393
	6834683468: 2 2 17 953 105467
35020266906876369525: 3 3 3 3 5 5 11 17 17 37 37 41 101 271 3541
	3502026690: 2 3 5 17 23 37 8069
	6876369525: 3 5 5 17 37 71 2053
36160444847016852753: 3 37 37 41 101 257 257 3541 9091
	3616044484: 2 2 13 37 71 103 257
	7016852753: 37 61 257 12097
36412684107047802476: 2 2 13 13 41 163 163 227 227 271 3541
	3641268410: 2 5 13 163 227 757
	7047802476: 2 2 3 3 11 13 37 163 227
46399675808241903600: 2 2 2 2 3 3 3 3 5 5 19 19 41 113 113 271 27961
	4639967580: 2 2 3 5 19 113 181 199
	8241903600: 2 2 2 2 3 5 5 7 19 113 457
46401324208242096401: 7 7 7 7 11 11 11 239 239 9091 27961
	4640132420: 2 2 5 7 7 11 239 1801
	8242096401: 3 3 7 7 11 239 7109
48179452108449381525: 3 3 5 5 13 13 41 101 353 353 1567 1567
	4817945210: 2 5 13 67 353 1567
	8449381525: 5 5 13 47 353 1567
1283162072038050132225: 3 3 5 5 11 29 29 1801 1801 8779 21649
	12831620720: 2 2 2 2 5 29 37 83 1801
	38050132225: 5 5 7 23 29 181 1801
1382185301039663949900: 2 2 3 3 5 5 23 97 97 283 283 4093 21649
	13821853010: 2 5 7 97 283 7193
	39663949900: 2 2 5 5 97 283 14449
1401308698439970930753: 3 3 11 13 13 23 29 29 31 31 8779 513239
	14013086984: 2 2 2 13 29 31 67 2237
	39970930753: 13 29 31 277 12347
2178784179051512078476: 2 2 8779 21649 1692917 1692917
	21787841790: 2 3 3 5 11 13 1692917
	51512078476: 2 2 7607 1692917
2338121616653710361068: 2 2 7 7 23 8779 10729 10729 513239
	23381216166: 2 3 7 11 53 89 10729
	53710361068: 2 2 7 13 17 809 10729
2367149758454106280193: 7 7 11 11 4093 8779 21649 513239
	23671497584: 2 2 2 2 7 211352657
	54106280193: 3 7 2576489533
3333333333466666666668: 2 2 3 7 7 1543 1543 1543067 1543067
	33333333334: 2 7 1543 1543067
	66666666668: 2 2 7 1543 1543067
3576505852069682460225: 3 5 5 11 11 4093 13697 13697 513239
	35765058520: 2 2 2 5 29 2251 13697
	69682460225: 5 5 7 7 4153 13697
4848484848484848484848: 2 2 2 2 3 11 23 4093 8779 21649 513239
	48484848484: 2 2 12121212121
	84848484848: 2 2 2 2 17 61 5113819
101510361784334387074113: 3 3 7 11 17 17 37 101 137 9901 99990001
	101510361784: 2 2 2 13 17 43 1335241
	334387074113: 17 19669827889
104809496370340285948725: 3 3 3 3 3 5 5 7 101 157 157 9901 99990001
	104809496370: 2 3 5 157 22252547
	340285948725: 3 5 5 19 103 157 14767
104867119466340388354988: 2 2 7 37 137 2131 2131 403363 403363
	104867119466: 2 61 2131 403363
	340388354988: 2 2 3 3 11 2131 403363
108155856320346198708225: 3 3 3 5 5 7 73 101 137 223 223 21347 21347
	108155856320: 2 2 2 2 2 2 5 71 223 21347
	346198708225: 5 5 223 2909 21347
117348405020362103649776: 2 2 2 2 11 11 11 13 31 31 41 41 73 167 167 359 359
	117348405020: 2 2 5 7 11 31 41 167 359
	362103649776: 2 2 2 2 3 3 3 11 31 41 167 359
119955572010366530914476: 2 2 3 3 3 3 3 3 3 7 11 13 101 137 9901 99990001
	119955572010: 2 3 3 5 1332839689
	366530914476: 2 2 3 3 17 61 9818143
123633057940372717307025: 3 5 5 7 7 7 13 137 139 139 373717 373717
	123633057940: 2 2 5 7 17 139 373717
	372717307025: 5 5 7 41 139 373717
157290668240426650937601: 3 3 3 11 137 499 499 3940147 3940147
	157290668240: 2 2 2 2 5 499 3940147
	426650937601: 7 31 499 3940147
158614297300428687290001: 3 11 13 37 37 37 73 101 9901 99990001
	158614297300: 2 2 5 5 37 601 71329
	428687290001: 37 41 157 1799929
165956011660439883404400: 2 2 2 2 3 5 5 101 137 99973501 99973501
	165956011660: 2 2 5 83 99973501
	439883404400: 2 2 2 2 5 5 11 99973501
166044001660440016604400: 2 2 2 2 3 3 5 5 7 13 37 101 137 9901 99990001
	166044001660: 2 2 5 23 89 241 16829
	440016604400: 2 2 2 2 5 5 1100041511
185772506140469344148976: 2 2 2 2 3 7 11 101 709 709 9901 99990001
	185772506140: 2 2 5 13 709 1007771
	469344148976: 2 2 2 2 709 41373779
190380966190476052390476: 2 2 3 7 11 73 101 137 2857 2857 4999 4999
	190380966190: 2 5 31 43 2857 4999
	476052390476: 2 2 13 641 2857 4999
210517086430504811380725: 3 3 5 5 37 137 429626707 429626707
	210517086430: 2 5 7 7 429626707
	504811380725: 5 5 47 429626707
233207473870536277166901: 3 3 7 7 7 11 37 433 433 9901 99990001
	233207473870: 2 5 7 29 433 265313
	536277166901: 7 433 176930771
238089296484542932601328: 2 2 2 2 3 3 3 3 3 3 3 3 3 13 13 13 137 173 173 9161 9161
	238089296484: 2 2 3 3 3 13 107 173 9161
	542932601328: 2 2 2 2 3 3 3 13 61 173 9161
238470751420543451056401: 3 3 7 11 11 11 19 19 37 53 53 73 137 2753 2753
	238470751420: 2 2 5 11 17 19 23 53 2753
	543451056401: 11 19 53 71 251 2753
243821120534550699427413: 3 3 3 7 67 67 73 181 181 346649 346649
	243821120534: 2 29 67 181 346649
	550699427413: 67 131 181 346649
244080746030551050049100: 2 2 5 5 7 37 101 307 307 9901 99990001
	244080746030: 2 5 11 307 7227739
	551050049100: 2 2 3 5 5 41 307 145931
249488568480558330649600: 2 2 2 2 2 2 2 2 2 2 5 5 7 37 73 101 137 257 257 751 751
	249488568480: 2 2 2 2 2 3 5 257 751 2693
	558330649600: 2 2 2 2 2 2 2 2 2 2 5 5 113 257 751
262468374516575637057648: 2 2 2 2 3 3 3 3 3 3 3 3 3 7 11 13 29 29 9901 99990001
	262468374516: 2 2 3 3 3 17 29 4929539
	575637057648: 2 2 2 2 3 3 3 29 45948041
268116781766583098096748: 2 2 3 3 3 7 11 13 17 17 47 47 73 137 19709 19709
	268116781766: 2 17 47 8513 19709
	583098096748: 2 2 17 47 9257 19709
268391679350583460172501: 7 11 13 23 23 37 101 137 9901 99990001
	268391679350: 2 5 5 23 53 4403473
	583460172501: 3 23 409 20674681
274134775984591003089153: 3 7 13 101 3169 3169 9901 99990001
	274134775984: 2 2 2 2 409 3169 13219
	591003089153: 131 3169 1423627
279933548734598578600053: 3 7 7 7 7 7 13 73 101 137 691 691 941 941
	279933548734: 2 7 7 23 191 691 941
	598578600053: 7 7 691 941 18787
326675749084658325750768: 2 2 2 2 3 73 137 9901 8290421 8290421
	326675749084: 2 2 9851 8290421
	658325750768: 2 2 2 2 7 709 8290421
326741575916658408409233: 3 3 3 11 31 31 101 107 107 9901 99990001
	326741575916: 2 2 7 31 107 3518041
	658408409233: 31 107 198495149
326853064080658548395776: 2 2 2 2 2 2 2 2 11 37 137 353 353 428671 428671
	326853064080: 2 2 2 2 3 3 3 5 353 428671
	658548395776: 2 2 2 2 2 2 2 2 17 353 428671
333200016666666500013333: 3 3 3 3 3 3 3 3 3 11 11 11 11 11 73 101 101 101 101 101 137
	333200016666: 2 3 3 3 11 11 101 101 4999
	666500013333: 3 3 3 7 11 11 101 101 2857
333333333334666666666668: 2 2 3 166666666667 166666666667
	333333333334: 2 166666666667
	666666666668: 2 2 166666666667
333466683334666833346668: 2 2 3 3 7 13 37 1667 1667 9901 99990001
	333466683334: 2 73 73 137 137 1667
	666833346668: 2 2 1667 100005001
340007582584674990917568: 2 2 2 2 2 2 3 3 7 13 37 73 137 211 211 19843 19843
	340007582584: 2 2 2 211 10151 19843
	674990917568: 2 2 2 2 2 2 11 211 229 19843
362683545166703009885493: 3 11 13 41 41 71 71 109 109 137 7829 7829
	362683545166: 2 41 71 73 109 7829
	703009885493: 41 71 109 283 7829
370100219416712091561408: 2 2 2 2 2 2 3 7 11 73 7873 7873 74381 74381
	370100219416: 2 2 2 79 7873 74381
	712091561408: 2 2 2 2 2 2 19 7873 74381
407651575834757516589333: 3 3 37 101 3499 3499 9901 99990001
	407651575834: 2 23 3499 2532721
	757516589333: 7 277 3499 111653
415080116584766401735233: 3 3 37 73 101 113 113 137 293 293 1061 1061
	415080116584: 2 2 2 7 113 211 293 1061
	766401735233: 113 293 1061 21817
440965427266797129810828: 2 2 3 3 11 13 13 13 37 101 137 9901 99990001
	440965427266: 2 7 7 13 346126709
	797129810828: 2 2 13 41 131 593 4813
448806505800806370749376: 2 2 2 2 2 2 3 3 3 3 3 13 101 149 149 9901 99990001
	448806505800: 2 2 2 3 5 5 43 149 313 373
	806370749376: 2 2 2 2 2 2 3 149 1979 14243
448943047484806531405073: 13 37 131 131 137 19924687 19924687
	448943047484: 2 2 43 131 19924687
	806531405073: 3 103 131 19924687
449373011416807037244993: 3 3 7 7 7 7 7 11 37 73 101 9901 99990001
	449373011416: 2 2 2 7 7 1146359723
	807037244993: 7 7 29 567936133
456713305850815659456876: 2 2 3 3 3 13 73 83 83 101 137 216211 216211
	456713305850: 2 5 5 83 509 216211
	815659456876: 2 2 11 83 1033 216211
457449621834816522980908: 2 2 7 19 19 37 73 233 233 347 347 1601 1601
	457449621834: 2 3 19 31 233 347 1601
	816522980908: 2 2 19 83 233 347 1601
485018201516848681835153: 7 11 13 37 3637 3637 9901 99990001
	485018201516: 2 2 19 23 23 31 107 3637
	848681835153: 3 3637 5569 13967
493193923850858157427500: 2 2 3 3 3 5 5 5 5 7 11 13 73 101 9901 99990001
	493193923850: 2 5 5 9863878477
	858157427500: 2 2 5 5 5 5 23 14924477
493339234266858325599253: 7 11 13 37 37 37 73 137 986351 986351
	493339234266: 2 3 3 37 751 986351
	858325599253: 29 37 811 986351
501781323700868081690001: 3 7 13 73 5017813237 5017813237
	501781323700: 2 2 5 5 5017813237
	868081690001: 173 5017813237
578571099120955675476225: 3 3 3 3 3 3 3 5 5 11 19 19 43 43 71 71 73 1979 1979
	578571099120: 2 2 2 2 3 3 5 7 19 43 71 1979
	955675476225: 3 3 5 5 19 37 43 71 1979
579021625716956183909488: 2 2 2 2 11 23 23 37 41 41 101 9901 99990001
	579021625716: 2 2 3 23 41 73 700937
	956183909488: 2 2 2 2 23 41 63373801
588395216966966749268588: 2 2 11 19 19 37 73 101 137 269 269 3701 3701
	588395216966: 2 19 103 151 269 3701
	966749268588: 2 2 3 19 269 3701 4259
597902255980977440209776: 2 2 2 2 3 17 17 73 101 76458089 76458089
	597902255980: 2 2 5 17 23 76458089
	977440209776: 2 2 2 2 17 47 76458089
598097765980977659809776: 2 2 2 2 3 3 7 13 13 13 37 73 101 9901 99990001
	598097765980: 2 2 5 11 13 557 375449
	977659809776: 2 2 2 2 13 107 5333 8237
17496568697344534078501653: 3 3 3 3 877 877 265371653 1058313049
	1749656869734: 2 3 107 317 877 9803
	4534078501653: 3 101 397 877 42979
33333333333346666666666668: 2 2 3 2221 2221 2287 2287 328121 328121
	3333333333334: 2 2221 2287 328121
	6666666666668: 2 2 2221 2287 328121
47509369642848371425904913: 3 11 53 311 311 265371653 1058313049
	4750936964284: 2 2 7 17 23 41 311 34033
	8371425904913: 311 643 41862781
48484848484848484848484848: 2 2 2 2 3 53 79 859 265371653 1058313049
	4848484848484: 2 2 34841 34790081
	8484848484848: 2 2 2 2 12917 41054659
55969768436669343228469068: 2 2 3 3 11 13 13 53 79 859 15248873 15248873
	5596976843666: 2 13 19 743 15248873
	9343228469068: 2 2 13 11783 15248873
1315845549751638587439677073: 3 7 7 11 29 239 1031 1031 909091 121499449
	13158455497516: 2 2 7 1031 455814587
	38587439677073: 7 17 1031 314514257
1972326939807048593562285100: 2 2 5 5 7 7 101 239 10559 10559 386731 386731
	19723269398070: 2 3 5 7 23 10559 386731
	48593562285100: 2 2 5 5 7 17 10559 386731
2660246258358458033932090368: 2 2 2 2 2 2 2 2 2 2 3 11 29 101 239 6337 6337 52919 52919
	26602462583584: 2 2 2 2 2 37 67 6337 52919
	58033932090368: 2 2 2 2 2 2 2 2 2 2 13 13 6337 52919
2976742514109062151766778101: 7 7 13 13 29 101 239 4649 909091 121499449
	29767425141090: 2 3 5 7 13 59 184810487
	62151766778101: 7 11 13 20533 3023897
3468346834683468346834683468: 2 2 3 17 17 29 239 281 4649 909091 121499449
	34683468346834: 2 17 1020102010201
	68346834683468: 2 2 11 17 53 4943 348779
3555684841116069426034814400: 2 2 2 2 2 2 3 3 3 3 5 5 23 23 101 4649 909091 121499449
	35556848411160: 2 2 2 3 5 23 113 2069 55103
	69426034814400: 2 2 2 2 2 2 3 5 5 11 23 73 783137
4266805990944078021595262976: 2 2 2 2 2 2 2 2 2 2 2 2 3 3 3 3 11 29 6349413677 6349413677
	42668059909440: 2 2 2 2 2 2 3 5 7 6349413677
	78021595262976: 2 2 2 2 2 2 2 2 2 2 2 2 3 6349413677
