323187275996546039822799613959329879608889
324040217179050736352800501671343561388189
325422901031599825142801940499610744917881
325899382868137464194802436265923110576020
327659928450610544900804267786027423354685
328342054364391625422804977293532866275556
330527432182387144332807249957194593041856
331893089798982052944808669823456996856925
333149853690372013500809976246550006531200
333921167604987816150810777930719395722660
335039476227639341082811940128537574110089
336902835983164082444813876242030885746525
337341516338831008352814331982500447400064
337985084482554905550815000532184099675705
338201663207622417194815225505466850087700
339026540933381982144816082298168534821405
339472474839301765250816545447898344300425
340299188530725415500817404008320675350720
340949541377215135550818079350811741307705
342576949556431492632819769048795774826464
343822712364013569612821062260602036522589
343925928668246638962821169399217778921481
343949945426734959750821194328436935219620
346269115631240532894823601260263679802340
346941889548207996242824299364261440116756
347322981880757999822824694779230340835556
347359294059811518300824732455170922855680
347543102467379209842824923164226463815689
347726994373889038650825113955626098677385
348381469095481618652825792951024663096064
349273080468284344682826717880642814450964
350368908321126707912827854521129123213856
351230637513354027152828748238753486244189
353803869656653096272831416443795450841181
354260307453420382500831889642546567200445
355389880434466443722833060585153202138889
356220189215002187742833921204053318894564
356443619548622355962834152776328547042964
357294824061872284272835034943883257031389
357582437112297428382835332999233509772089
357755111907935828202835511938501971724564
358488140549782620912836271520770340410589
359500280935936100550837320219569101880740
359956343285511720582837792714847225007481
360688479616295088632838551179884456949856
360818561255805965750838685932791885888420
361492167836336097300839383696706570065405
363074844567469859792841022921792772816064
364373189309380487144842367436469010423165
364574953626101059112842576357990047929981
364599704689833174444842601986724295612125
365034913020002232644843052615866818646240
365462661600048271394843495499511050194580
366190360396743194900844248897860961334560
367109233947222145250845200135244684368020
368160920398709763500846288744336778285120
369297444136662099072847465027089134573056
372145713318288271644850412294175544696605
372507855110839152522850786957602414618889
373382196881965923332851691470733299434464
376442249398504428750854856450019578797625
377292833047838760062855736016381172308964
377328367052773654382855772759446341108964
379602309834867974402858123788356346495881
379647180930600649544858170174931353366560
381287648290294102082859865898628184350089
382409163999510732050861025024591992005140
383297746388659157400861943310567878970685
386488030752220038294865239552163051998585
387468499776716741862866252370602198127481
387775266361666763294866569238033969142585
389392104873276421394868239152757981209865
390179169274687503650869051956648425088660
390936736451686617800869834238605002724605
391710786791163149750870633480846564129700
394120556908938667292873121288419897028381
394171599843028146012873173977967001405981
394396258694193885812873405881053773149856
395753834936068558832874807125163699189981
396779602548671651150875865765428383148260
397060222325054075832876155359939689409981
397925052245576065662877047799550866004964
398364171351966208394877500909190745200905
399568182147429898122878743182778108255764
399931366288929596352879117880735696760064
400044589020966973722879234690258312305556
402172193519088166752881429462541100276381
404094470092937057282883412047188157246356
404968896622620871712884313789625875378589
405350780471004551150884707580035723043385
405464966640124691444884825323650165598845
405706990074902841144885074883157406927805
406514432487604125500885907427159098798720
409263154989022978202888741138322356516756
410675059803646763750890196422170197414820
411604218139879779300891154026308136082365
412592444701283534694892172419108536179620
412837151717619211394892424582009290098580
414509433145309687194894147667959983826825
417523032333540921144897252176197361228640
419312064421638737400899094788012733220960
420158052233889910694899966012334900213625
420253599951631920050900064406301259946505
420498218619828345512900316308147834658464
421689557553571542902901543041436355022756
422693063306000486372902576263461662473056
423543402273832259802903451713518074039689
424431716574473475794904366192495848995860
429624468080293548894909710520062458491705
430348660850451515300910455667578172363965
431721000840956701782911867594195164719481
434624301747187402250914854119505127490825
434738107916164873542914971173566391181689
435679752122937310562915939649705669538964
436054240758664536194916324788785719338900
439521291574768641102919889891758550542564
440912442382569585500921320108627517246720
441189411316689670392921604836544755932256
441430784625801230192921852966584450076381
442583981539382554694923038379647788897700
443520443520443520444924000924000924000925
443641402266895543650924125246548625166985
444925444925444925444925444925444925444925
445319648051492699544925850042495937338685
445749057174429800394926291326158889256980
447025831412346867152927603320719519044189
448712392707976394342929336208814654421881
448834271041074236972929461426247954951389
450553311014101993152931227438791879964189
451850203518468608162932559616220776889481
453172225115980675922933917472278457818889
453322434508604430644934071744682844059005
454223552981512392452934997201058877200189
454574459518608941792935357568208694376064
454697375689812500282935483796029189726356
455091947935677197552935888991162416712256
455927791853709194042936747298850388575881
456727139503405206150937568079645370846585
457257528470393195622938112663318878235556
458136566224877431500939015179728837636800
458315053297390699092939198426975545076256
459496839339517475694940411670256427565625
460979610894575160894941933762730095534905
461242493621335951394942203599593221961865
461822534207987594544942798966026561008960
462243991494744534444943231543395989344320
465421805762837695772946492781610885003264
465450702907881327000946522433960790866400
467647848832944229550948776822393613173305
467828766615269062502948962438024239573881
468721126317527580800949877934793568788765
469573426384057613294950752279655934140985
469999535404601010194951189390435221806345
470444189513488616144951645511238575976640
471458820662263255194952686254645602750345
473212419519715724322954484810819475658889
473241635532601943750954514774001420085625
474260257698254697000955559408668452085920
474683014056936751482955992939456664478356
477514420018223268300958896184212013055680
478728672325135847862960141073634445167481
479275797582375363894960701970209811448740
479282925928941532932960709277842789797856
480310164375676519622961762315970141538681
481481481481481481482962962962962962962964
481933465343481236172963426239444923831389
482964482964482964482964482964482964482964
485181459065967662550966754974562515625380
485438414600223096050967018287283119184905
486666053941168491812968276237743462389856
487219210853689631144968843019439548400765
488134517955989283444969780826599425331325
490010322247407459144971702568036911396605
490948555551391145532972663690809833490589
491001508903910237550972717934303928435940
492820850850255865194974581490567889865225
493378682667589168002975152835697892380564
494331803301410867250976128998565625575700
494490921750199654032976291958050982102464
497139540882758012750979004273398290082020
497169735178892791722979035191231046305556
497415963903923788650979287318079044087060
498097536831693090302979985197064994294756
499909334980467799592981840196978269180064
501815397308666740052983791484248721004064
502441113049506831500984431996382840344925
504729841080910202144986774637556917191040
504861619470621712250986909510169105961620
506248314822425326752988328700526749076381
507145574091180785742989246922301315606756
508080061025273513142990203188803051469689
508548742879587544332990682773787063574464
511548435179987511602993751931750293255689
513086859287908330500995325770515244630845
514446615092281220112996716709536725841856
514698596446719886800996974457408561190080
515008705601818814432997291658112716878464
518315171358539547645000673380540315642240
519226888253665423695001605734941162495545
519658038264151999545002046627411416522685
521749555916119171251004185251748487143945
525723191682263408533008247686278857133856
526091379799826819443008624056354588620564
527216686347392019901009774321765097865885
529809874892269444945012424752569562386525
532207680973505782395014875151069867056265
532646171450722944645015323224431487961405
534773295312640886751017496683400633959225
535276671800124606051018010988290610518665
535687808070581981151018431040046941733860
540539259715540736193023386996831080996381
541195707743314653003024057487229186863881
542256292148981135953025140710029587852381
542688009645331225083025581625325244670089
543666602043173876923026581029820951825556
543779999765308317103026696835907301262564
544157484187082784733027082332479567613981
545138065759703536153028083691562472196064
547299411665436726463030290654201677968356
547684312422109628295030683652705698826660
549763630412441156551032806582108145986980
552814732572337941183035921270072180880356
552927739028146751001036036622361480253245
554501327800644417945037642808057924963645
557543231961836613001040747366328761677600
560968923326290330395044243055799558744980
561631694771726804853044919301849991236256
562530643797803105623045836492128387938681
563272141716502396195046593006095327094420
565196465193547773883048556171987873342089
565630953122315945695048999404769448141625
565745775863235678853049116536974346956256
566644523795586630795050033339335709778185
567258297938949786723050659420496749935764
568910190146784632401052344344111795194560
571389571389571389573054873054873054873056
572547787751331176263056054213461837103481
573056573056573056573056573056573056573056
575150147358886459113058707887192135101856
575548583736230594545059114151611530128960
576169090678951127773059746834618345231389
578211629670502503651061829325506776512660
582002640391552905751065693970231396124025
583660258743587249901067383575448934103360
584504199226777509145068243752733772876605
585681013710459518295069443153751035121060
586932535048412981445070718626062680997600
587242542358657719901071034555115167161885
588423238741120632051072237765162817596180
588729990477773098413072550355750354810589
588941728655643044901072766121767927517885
592195104040896442551076081131716121643940
593602503709537929933077515047625975845981
594244915805309971503078169533886979990756
598594470805843353445082600360199782907325
599865427531045083895083894908366425599865
601285706107058548033085341467125247262464
601379279566313269801085436768960252823165
601925658810611580301085993232714959584605
602802099484857986383086885822972306352356
602891965116495256953086977342630125440189
606240098598468228513090386854060556205981
606424553555232075795090574676561444989460
606707071334344915923090862349392914625556
607855841933650373073092032046600740471389
608234853156255570195092417949858752169225
609970008077306049253094184580075372896189
611715535286383982253095961643450359956189
613437025777003315623097714111560672505764
614325359031273419001098618382030542547645
614975155662243442293099279815763253700256
615031410069781220251099337076803559313300
620388377703991592395104789310366304407305
621113505133212808303105527243557201806564
622791829385069291395107235125838698829705
626246446697174633145110750230030508121440
626535528538336904313111044351898686389856
627925444647016851673112458454540857541181
629485481141485941801114045547330410442365
630684533841840852133115265330843235706464
631010727323684080353115597154278619240064
631849041043529667945116449917913422508925
632372063428646472045116981941739312184285
635025723165781736751119681109056065479225
638380669456977651151123093202253114531385
640534618559078347045125283615200662724285
645358541880563278873130188569007481143264
646464464646483131313131312946464664646464
648061621677732887103132936675718137078756
652796515776868769895137749795835901926265
655574587244211708145140573385729060343005
656178212092245841945141186864216851896125
656931179880646036195141952105258061905545
657988804796732440795143026935114917984660
658147514761171072501143188223460237092000
660198451359934897801145272398891738436605
661453130354768696001146547338733566501120
666084251751665886463151252766935184071481
667247433983512714251152434495354916467220
669418811682955630803154640369465328687881
670651926328366530693155893002451040708064
671416943658494525883156670102750989218964
676076824911254080413161403155425869113856
679447815476321179753164826624186738788256
679610282826366194563164991611208514178964
680694401074008469243166092520438620567689
681268440712369361251166675435156813951625
681401588753136093295166810640212230947385
681467775427315156933166877849192160406589
684957056060893667703170420820886339917689
687223633136386934551172722061932124959140
688480850521220946801173998434881734322240
689886817636679774751175425763676432329700
691561473093155472045177125780442236548160
692009542795125619551177580620607976469305
694293764209118862645179899258055809066365
694458829472383348251180066803926125937545
706600892647404275313192389006342494714589
706760300320352557645192550748777729818205
707168330411241417333192964751556812222589
708079242226193355645193888978941485805440
708434153658218389945194249071609079554400
711446721737918871301197305466188758005565
712971527170709334501198852350509350445920
713289272808629330853199174688302462100064
713816755626842351001199709787820960939325
715176434616204609751201089062059580339620
718966353181778982895204933311416062682340
721028195148103102123207024534249685788681
721387904453671221903207389356657420045881
727468411761342666001213555730081783825245
733944420523772421645220122031200229536605
735264132338804775051221459998667286545940
735589233318537765963221789589336866642964
735801606711189117501222004894048082188445
