# factors of 10^n+1
#  n	factor list
   2	101
   3	7 13
   4	73 137
   5	9091
   6	9901
   7	909091
   8	17 5882353
   9	19 52579
  10	3541 27961
  11	11 23 4093 8779
  12	99990001
  13	859 1058313049
  14	29 281 121499449
  15	211 241 2161
  16	353 449 641 1409 69857
  17	103 4013 21993833369
  18	999999000001
  19	909090909090909091
  20	1676321 5964848081
  21	7 127 2689 459691
  22	89 1052788969 1056689261
  23	47 139 2531 549797184491917
  24	9999999900000001
  25	251 5051 78875943472201
  26	521 1900381976777332243781
  27	70541929 14175966169
  28	7841 127522001020150503761
  29	59 154083204930662557781201849
  30	61 4188901 39526741
  31	909090909090909090909090909091
  32	19841 976193 6187457 834427406578561
  33	599144041 183411838171
  34	28559389 1491383821 2324557465671829
  35	4147571 265212793249617641
  36	3169 98641 3199044596370769
  37	7253 422650073734453 296557347313446299
  38	722817036322379041 1369778187490592461
  39	13 157 6397 216451 388847808493
  40	5070721 19721061166646717498359681
  41	2670502781396266997 3404193829806058997303
  42	226549 4458192223320340849
  43	57009401 2182600451 7306116556571817748755241
  44	617 16205834846012967584927082656402106953
  45	29611 3762091 8985695684401
  46	1289 18371524594609 4181003300071669867932658901
  47	6299 4855067598095567 297262705009139006771611927
  48	97 206209 66554101249 75118313082913
  49	197 5076141624365532994918781726395939035533
  50	60101 7019801 14103673319201 1680588011350901
  51	291078844423 377526955309799110357
  52	1580801 632527440202150745090622412245443923049201
  53	9090909090909090909090909090909090909090909090909091
  54	109 153469 59779577156334533866654838281
  55	331 5171 20163494891 318727841165674579776721
  56	113 73765755896403138401 119968369144846370226083377
  57	1458973 753201806271328462547977919407
  58	349 38861 618049 11811806375201836408679635736258669583187541
  59	1889 1090805842068098677837 4411922770996074109644535362851087
  60	100009999999899989999000000010001
  61	81131 11205222530116836855321528257890437575145023592596037161
  62	2049349 483128549554512237305554588359039822397307149685578249
  63	5274739 189772422673235585874485732659
  64	1265011073 15343168188889137818369 515217525265213267447869906815873
  65	131 8396862596258693901610602298557167100076327481
  66	5419170769 789390798020221 2361000305507449
  67	909090909090909090909090909090909090909090909090909090909090909091
  68	152533657 65552746171882583264230070868884366877803237222654400793
  69	31051 143574021480139 p26
  70	421 3471301 13489841 60368344121 p21
  71	290249 p65
  72	8929 p45
  73	293 10826684964539959837294043117 p42
  74	149 3109 111149 708840373781 669031686661427842829 p29
  75	10000099999999989999899999000000000100001
  76	457 1403417 5240808656722481737 p45
  77	463 24179 590437 7444361 4539402627853030477 p22
  78	3121 53397071018461 p31
  79	1423 9615060929 p65
  80	1634881 18453761 947147262401 p39
  81	1459 2458921051 456502382570032651 p24
  82	68389 p76
  83	167 997 3565183 2097307081 7742098247001476863 p42
  84	11189053009 603812429055411913 148029423400750506553
  85	87211 787223761 p51
  86	338669 p79
  87	638453709757 135080726389891 p31
  88	10100113 p73
  89	179 12147237304901893 p70
  90	181 4999437541453012143121 1105097795002994798105101
  91	21705503 p65
  92	2393 p85
  93	373 44641 3590254957 p44
  94	45121 2144906157509411684424913774078958939881 p49
  95	1812604116731 121450506296081 p46
  96	193 769 1253224535459902849 53763491189967221358575546107279034709697
  97	102527361354613106010527 323338434891034089173475790125293 p41
  98	p84
  99	7093127053 p51
 100	401 1201 1601 p72
 101	607 809 1213 1327067281 p83
 102	409 3061 5969449 134703241 225974065503889 44398000479007997569751764249
 103	1237 44092859 102860539 984385009 612053256358933 182725114866521155647161 p37
 104	1249 49297 300977 648961 249227787818677482257 p57
 105	29970369241 1661378260814161 p23
 106	1061 5051749 245391150214875249502685807421982149521 p56
 107	1499 28463 74687 392263 795653 p82
 108	1726290008991504500177463302688697 p39
 109	3338786746233023 14060959683864286267405933000927102019 p56
 110L	661 148721 p32
 110M	18041 1121407321 p28
 111	223 4663 21606064498691505246200058094681 p35
 112	673 43735845217 217860610452031121598489279950204653537 p45
 113	4973 4426889 p102
 114	229 2281 4789 304077901 52875286008709 739653893349540289 p23
 115	691 p86
 116	233 355193 21591416633 17468739848498438039329935679794457 p60
 117	461917 60034573 p59
 118	430148941 p108
 119	1868879293 5673320472670315859129 p66
 120	1132716961 281259985248437790051014401 31388506438433752927908678241
 121	4357 25169 1485397 102502981431359171598893 p72
 122	1587221 81183810541 101444162656037151745878558385892753596849 p62
 123	739 148339 16419517 p65
 124	1489 640543322297 27908132670449 384705444182230291105649 p68
 125	21001 162251 10893295001 p81
 126	1009 43266855241 p59
 127	3557 857772733 1094479651 1125629957 616896149073719728613 10860110813777339731289 p53
 128	257 15361 453377 p116
 129	304768036847074491064894608014695867632997 p43
 130L	1031498834064949381 p31
 130M	2311921 12763852652999774041 p23
 131	263 1397382241 306662501757259 525786373041914526306757 112506283680098168752627601991569 p49
 132	2377 16369 432961 6796152793 24387741577 126197002179733470481 p27
 133	247025236977306025681323889 61828645758322140842666144519962696417487 p41
 134	269 4021 260587121 94927228208573594069 2302527353565357450759725122262880394277261 p56
 135	6481 577603663291 31023833790241 p43
 136	17 13355595217 p117
 137	364393423 117651465889 441651480271681 676321006412903 218801242136856556680173235529 p58
 138	829 1569889 536430531035337769 757108543129939106221 p41
 139	557 2503 p132
 140	851761 p91
 141	344887 9127213 1160803383934463712259 p59
 142	569 7669 380623849488714809 7716926518833508778689508504941 93611382287513950329431625811490669 p50
 143	51767 22144088539 264752347289 104730101107272149081 p74
 144	13249 1067329 p86
 145	1451 30104611 58765601 2433146345771 17996132431060961 p65
 146	5911541 16692085818029 5774294197526381 182202742802607835615596881 p82
 147 p84
 148	61544617 16444765848115921 p120
 149	2087 9615683031450065714899 165459609176797865866134365329792270635207840943 p76
 150L	261301 p35
 150M	601 3903901 168290119201 p20
 151	181288487 153653579173 12331942624071394811 2646756758131654397378192081701748003041997 p69
 152	134369 31735795756961 p126
 153	2142001 5364487 832339891 276402747619 2405782797823 p51
 154	39511854229 p110
 155	11161 3925963357681 5167617497664851 p88
 156	313 1101673 1358074433371719716641 291593563046646669491593 p43
 157	4397 3641773 p146
 158	5689 507998564486483655774880939989709 646301962916453492325383567253991760083617720844121 p69
 159	3499 2784091 54137839415767 917813298871770308465539 26526333976234009593263527 p31
 160	p128
 161	967 1569936761 1203881882727712699967 23391028206417273637358380573 7775058388319250595762800404689 p40
 162	2925721 p102
 163	653 13693 14286890032106357 66953479943839030979655991920753816099754871899 p93
 164	121553521 36637591407529194237097 p130
 165	4124507971 19835636682880495867311241 p46
 166	23023967955265160767768376873521136169786061 p121
 167	63716179 116011189311149998139 272828068791212993437 301525294918950432087520298129941558711551656822567015411 p62
 168	337 2070270028985341766616009080161 p64
 169	677 987001237 1592730232155679902273246343099578009020762979379345291 p90
 170L	7568346838961 237612993541791006121 p31
 170M	26861 p61
 171	19 2053 4410785971 2911579215499 307010852070382484317401373 p55
 172	277641151780258438310079109077611969 2645778409917434965592366282025495569 38993135849791157061060738352944105076217 p56
 173	9689 16864733 p161
 174	997369 15565833747318241 157002934023127338801841 4477350074169470752905544969081 p36
 175	3612546001 299547376801 p99
 176	11969 4913921 470909313601 p138
 177	60247408327 968385024074451409 2676157881043509853 3203031926532314264104769060847481 p36
 178	38449 138841 p167
 179	523661705392754764972834211810001059 p143
 180	265183201 95853807664312827399794371014650641 p53
 181	13757 1467439874822650361 57813769227978665304109403799291636496876923883191635824278127299864929561 p84
 182	654721485601 3571618567996393297210217238290456648947344377957590363519828421 p69
 183	367 51745081 40498340376691 42936744040512685057308971520417028077990465463 p50
 184	120553054891405588545727822543281066162803459003848166118314367809 p111
 185	49173925574833481 p128
 186	5209 139716865184144864008269344660199946429 p79
 187	192611 1284680342573 6315203673292075607 125797399492676917721 p104
 188	70313 79337 485041 118710721 6578404633 169905327561162104198557246291921 p119
 189	379 8642670625016390971 63060936944326674212591995662102125143 p49
 190L	780548018657747948342675331841 p42
 190M	761 1901 3041 74861 417332341 p50
 191	383 679961 4041943 955059211 78087485383 3370796736173938091727422330529475982098304687381174810841794785884893349397 p80
 192	3457 12289 418725889 338579887181973006729167651681190977281 p74
 193	1931 10037 1430131 166376423 p171
 194	389 78412655334235167606162810513004420610966509546603404268745999503561001 p119
 195	15601 925081 p86
 196	52781463673 5010620991340707523594168804430658367520003649793780623118456073 p94
 197	15761 7187743 300567477887394052365757 29811355463297742645615812791522446524687 p121
 198	79082656489 1538607523068637497164701 p85
 199	3545105703277 10765760180213 12277415800813 180724074168604579796294647309331 314293140427626491056008875724151058487007 p86
 200	24592788001 3475700719926956233659563848134955052440801 p108
 201	7237 17830074841 851109498533797 45360300267343173645804799921 p75
 202	101 3679329001 19384130081 12793360409007449 4908990488743183603681 5383539446793990416488818114381662511041 147987024898557331825270928295100820916509 p60
 203	19489 243720583 2563963356465898129 13569612563320403017443683179 p109
 204	2857 13266937 1119527384827710553 53043011765949537815976769 p74
 205	436026711667335044426416921 p134
 206	801341 29286597879221 33670587927455442579575167786879669 95000575486937988681435170477136054984821 p110
 207	37916801893 143409436964525899 831759677425747570837717 117680633072620952134930832292859 p49
 208	19725473 40336502753 754651871841089 49190086416352961 p143
 209	419 85691 258743 p168
 210L	42681134161 424451728681 p27
 210M	1384194841 p39
 211	2764617069785703725933625413 p183
 212	18233 67406298457 1488067111584049 899319337247551841 23641392997940421257 54469179239047116300845682623717697162577784999950014081337618457 p76
 213	2107849 21977699107816352490639478201 p106
 214	40882343106721 p199
 215	1721 18920435284033918144809657490533251 p131
 216	433 491413179769291800875985377355914924161 42329002505294251119371713750694841859239120433 p57
 217	240437 1142669053 313360308665807383 579210707460230341693 p128
 218	20929 143881 49369369412784246809 35701893527078181712481 p165
 219	877 3601237 247482272761 5830219322612939561246246317093 3943828696311504418317587369596960932033847171 p47
 220	881 p158
 221	344954191876997 6917979239326637 70919383630417672662131 2016492306990976282439501774196098215666169 p97
 222	23653713304547869 543309565743971477870075858731741 2228457285782705288389843210675909 p62
 223	208729 1697477 5156432569 1966032824334071843648738236716922141567459089390154109618864643162638011 p129
 224	417067672004431016027567793820801 707285850117624346067550937755073 p127
 225	270001 p115
 226	52743988481 132305743681936841 62554557765317517282085861045655294434955453111717816503072219942390838369658841 p117
 227	36346333 3861904074787001 p203
 228	27817 376102873 36120612721 13591271120229398317886003161009 p90
 229	2317091604522004723965449 22122368173743271094350225612207534262957 13270807703600518273110858480695033043595534787235597140531 p106
 230L	4107757827661 p75
 230M	461 509681 93744372901 8225357978845859081 439120676164610394481 p30
 231	8317 136094982876222218559943 p93
 232	929 23201 182353 4465073 3114824318784041623490389014199610366824348609 4948797624251336428769758769452316283490536687091682910619153 p99
 233	552677 131293689927974865167 110421163951010447109232550481508448746817791459 p160
 234	11761957262582764997761 117609798518967483441609863271124249 p87
 235	5641 20681 21997411 p169
 236	395026241 6218964172073 3410758635375200561 32394937980403032343941480318880086318307142570248235727782772042697 p125
 237	6637 132247 p148
 238	2381 275855329893529 20087794479102305428621 5582637833682557709253612812885341475900082138954691763178176941 p89
 239	508399838327574001 2846390188891241030645451773087716881978563746547069042984813032147999326242449 p142
 240	177601 1786971871341978412769793172635403245447905376001 p75
 241	11087 140263 166118970220264489 2065548882433064749302848511798666276437 10734328616712968433093169061034947601976065423298090207036703 p114
 242	56629 170369 29606281 1491164086760128255001869 209363088773816814667969748813613304559806235889961 p129
 243	487 487 69499 67430557 p144
 244	2438537 10399345405377216553 89376848303370085832547257811113680017983140270444916137 p159
 245	491 18131 653518704357372488880162997801 p132
 246	216667590115007379484962361 83991579034720609392656974112397395006880745482841386049 p78
 247	38816051 82266809 438725907577156177685201819419114255533305134233669402807964649891016719989703392491612289098617653 p102
 248	789592121167489 866353530992835497979626513 2212893713887918222645451169509853038253459532292347577233 p141
 249	499 1442209 2184727 8640537866821528796307988728455578923633637199851 p100
 250L	4001 76001 p92
 250M	1610501 p94
 251	503 5213439677 4067568702062638144916699 17764334637927138067713031681 2212012955306294098346533984373 p155
 252	41593295521 7064204436768358634702473 84127549110077880819608858067897680511169 p68
 253	23 6866927 134411715692212607377411 p189
 254	509 3049 7621 47363086944961 621385610460229 p214
 255	102001 5516286288241 4270914986978327797975291 216219010761333454086082249502131 p54
 256	10753 8253953 9524994049 73171503617 p225
 257	30841 41236044512156603777979544195943152517271779 6621650829759394867011952029659651154933062041670057842400167 p148
 258	8045181580990560114237163201 13441721102334727627682496494535257828666281 202026760686388880964731015757788959143121139209 p50
 259	4748510899300162563150136104999362670229727801 3091086674769589337569777240589592264676648718635101423877 p113
 260	120920505705101252491925533049923433521 175067038724863563854848045107963303611128869041 6279815040943032407714418831204387527919360005277361 p55
 261	155557 2762580729671077856014459 6811645794372004956047418049529911921 p102
 262	1049 14149 33887081 45401981 322185369274849 p224
 263	935875736987641 p247
 264	75675153541982860202858401 11786300284844910479546815969 p107
 265	538481 2040723131 3961565781890816563346704051 p166
 266	2129 14691812549 1728095716605342484009 3845225778323318739662926792353902964405172909187389 p130
 267	3154339 118941438655807 1054927415257693631440903203309586374903030044747807503 p102
 268	27316505681 179093946929 188559663327876471888363315685992845311774522520360566601659121 p181
 269	269539 2582401 p257
 270L	329941 49229101 68189581 p51
 270M	541 13029637224192121671301 p48
 271	3253 13631530938380353975492092299 256031814642414583920091086688834271205176259587307504943 p182
 272	58627969 8274466617334672110426476083265843201 32834183607181658456698862190332942753904274373750127864196636481293558631166688587638325415670849 p114
 273	102103 p139
 274	718606649 40160350429 11621897163409200201223887528138662702903389700229845471814520224606678003269 1651732052430074361873884440693609861769561877782463897348222686035759826875067120033981 p90
 275	1501539197401 1491273678477173069027664948012233844398077028447940172193498801 p125
 276	1657 1469409649 38115215074391056784287931569 p136
 277	9419 9973 2583222779 357860022058291030637547388712539215949789354777863692262948494477223727474739887 p179
 278	1669 154220035640400941 22566203851955475809719636369904190294286729 538978365796508304569088931293097537674917585678041 17578550135840913456911316683567075151132274090424405862513992032108985729 p89
 279	1117 183372282864547916749018225828651 p145
 280	1378721 5758943337281 6717658458758041138199521 1081862991605594332069477594870669601 70488250368897247920709885766793062547616862669921 p63
 281	6560496291091 58513940129535379432477007 1431135121058581084714805848152798178115682551730402597243763044287124792572084319412841582786640330468733 p137
 282	1129 3792128943527581 2246285860430986548506215527001 441659454625809720192647055276257528637832621638030289 p82
 283	1699 241117 61945573305222690279363663578823967 49019999488937337866558715558211303750925973449 151168348012920493188164812150408056175148228488823 p142
 284	4672937 11473030297 273919647900781361 22848119041855139346027890461325138752752437281 44647705187364612522122975648958308190023012536081192611094211843306393900887680445089061753 p108
 285	571 11382273828031938028891 43135513763991692454656851 p94
 286	17576772101461 754309323029578981494450523147961 4832227158939716614468345433242909 40520191245153663291616075979301737566653577978261825599617472901135361 p90
 287	19214818177409 p227
 288	577 317752351489 p178
 289	511438099 587063793048979091 42323992639419349049079264521 c217
 290L	1767955366388381478541 p91
 290M	14087942679857610940613213182901 p82
 291	120993298365129876163173210302328063293143 p151
 292	73 1753 468953 162393769017609303761 972234562027718778906635682891369717286635199884272325005809 c198
 293	p292
 294	23742102289472351423104605582718329399560972065457968561934785062599221 p98
 295	2353867026803341982771 25602601418102182972721 193428272579096534429098931 803454205095303821868753731 p136
 296	593 p286
 297	7129 8927244623941181398233253 1866763546567680996103417376059 112970308382439859401726947341740704554951737408511354573 p65
 298	10729 607921 136916416686052955621 c267
 299	32494323733 1281657376897297354090423403366881099978010686253604381263 75691170432105638169937308505913924514228814615635050477687293 p135
 300	32401 4711806100010561082466291127577601 4482637729513780747000872935673625025127940754401 p74
 301	3613 212057054080446499 120525789336558438197 6798855735656881396055959081077830421892567 p169
 302	15101 20481641 c289
 303	133321 329059 389659 3041043667691453912297172888609639950518597 p142
 304	3031489 c282
 305	2447385101917578576518614756091 455137305294745983623339076793154863893252334886652646220893202880060879281 p135
 306	54469 158963941 2709009355501 3626707988341 157538980319816607121 846160494149365798478410729 112544281755782732673671367061 p78
 307	3311436805543 1490473286202873492575327109823 5523722596446330977448218249241349336929189661174997 4491267979654040991517174292809986926580431222945624648462333 2029528428657053384033771551046459064471855763867979888746704611 p88
 308	53241089690155545084545617441 780010410791719540565140196582552053062384449 48651926154169704306969810270043128092917988274505675071805716365801863993 p93
 309	619 p202
 310L	p121
 310M	p120
 311	82727 2122689869717 7966595011106561 3416317897947415066069561 835375365056917236891484436143 c223
 312	148068337 10662171313 325807801400017 14051485220127306539558738857309372503949399323665750407976449 p99
 313	5009 1074844665139845442819616837 3942061217624131929520541160207424212724650028976527 c230
 314	28415783195151364586816438858689 c281
 315	2521 131041 525326613841 1275784731048123659634702312820051 p91
 316	259121 73921249 p299
 317	3536453 12361733 68009240067498931554643059611689714176253 274615609644013922993995246232974390841373964547585372623 p206
 318	3181 125929 1650244260647104976802437090486126821 p164
 319	1277 357281 49561573447 776277205967881079419436133930781972785940099183 p213
 320	c256
 321	7569823 2366998879807 899788378170104270110161037 p166
 322	216613430183025989 1009805096139614383066323378818605356821967673241 p199
 323	647 108529 738379 1644353478367 1078893279821424911891 c242
 324	68562937 43599922525432064821850834951727679807657 p168
 325	107251 4271801 82009322851 318942474614140390001 c197
 326	498698470009 76232914055207003005318654163381 p281
 327	p217
 328	6051298241 48656086054529 669995415570582921859463287135169 18798124481332409484502894235050519095834690259132073729 38497687061346649817295117852968299620995218286740952471394479857 p144
 329	659 p274
 330L	507868012934701 6143203800519931376420641 p41
 330M	17247781 1082745841 18516980928601 9000931379651641 p35
 331	38329801 5943603127859 1932782378208168486700373 66287629848519079879793946893 573408944084407647616987278212508727 37597427372633848169498753071057309208493613 p178
 332	1993 1627839311921131673455277189737 c295
 333	902659997773 7116181512528105949933 62562101977662753776437 p160
 334	476103356904941 411603787218349354280868589 1387401303965667453093373669 198607499132490748242152175454768755769289 473422134866090530705347772603209509527842120964263087241 256791351938897604127766524249910803570004341949762240760779741 p104
 335	2011 248807851 7261216121 p243
 336	1454209 9396577 77700458351603754241 465149401935712615628055361 20275219423179517169965224971521 p101
 337	121321 2251702571 55027074590990508852961 71489171229856447321502908314697600957469967193571 1687858617956114857563779160203327248258725852773131 621229558894454367540891695929541003114293128504188334503 102628202728030891704336946143527067063502899291229635778464234241801 p73
 338	89909 c308
 339	104120568827856356216891091637981484179 5397511769683444928966129716536741688329069042441479613115913313907895924533 p111
 340	1361 787131281 3706128023114119218916379460291345996769984434163189932241 p187
 341	2729 43649 204601 626254207448316529499143 2521683376335623264853169025426175893 p227
 342	126541 2050658332436114459080741 367758735915513355987163036605562773789741 p146
 343	1373 14407 46649 209917 275087 4020987966062173 506500014792811998378163728668881 p223
 344	41281 34883769795276074742193 301141397581994586210257 524418195375754143552289 12964211609561579909063446696451764692875452342031494097 p207
 345	11313931 127688571001 194656286401 7386441591567953769105190285927615814299177561 p101
 346	19368443729478869 9970640571320679438520961989 c300
 347	368720813 805697219 89700105169 c318
 348	13921 11090099157944399977 246900403017958787131873605843061988161 p163
 349	3491 3361543170437980531667161105832265329 35927713091621749764338565947172319082597 p268
 350L	701 422100001 1125310645201 p97
 350M	213567756617511209506778605497489645838025587933288349770601 p61
 351	592489 30742515591607 6862390300547244074038319769783944997739006024946890580945655121 p133
 352	23447080358593 26670033927811409112897180097 222688353792418778799593928777532880641 3162086824598326714007856976523611232833 196492106862714324563103086902334481596741493532094589569 p145
 353	1006029527 56540001776360839594874218856939642617050503 c300
 354	709 p230
 355	2131 8521 1026684688942915478900251 p249
 356	158777 118638175449391414217 205634535002357125750465106981645977 c292
 357	17851 p188
 358	530819489 7788750761855821 c332
 359	25849 19210610797963667218565939 c329
 360	2582785559040998185916696136639544586696154922477921 p141
 361	43321 5140192330491733331414521378576126342075768810496980939 3223374037812410694155224757327965568352798312019085047331 p226
 362	928417781 469968172441 2136569912461 15470952779187481 3467369151629862044701 314547891171506427278717744569 22780106292572351730658730234738216404394547689 p214
 363	727 1453 3481311540961 230011192907385746489206818568311532935807860401402800698998509497721478420289331088499239362108691 p104
 364	574393 10727809 286569193 c267
 365	c289
 366	76129 190321 390889 4801921 2834820061 3812801341 2418666002101476599410229029 1305704182448226909845888790598975114740359397093421223355030629345156521 p100
 367	6337012003051224701798337646203298967 p330
 368	153089 107896522139513920752730643638401909724513 p306
 369	p241
 370L	1481 6336499381 271880675850180367872653023164942909880799363524216099671322919521 p67
 370M	15541 68821 74615611921 4098464044501 107771345624719321 16206170837408945509907221 p69
 371	743 1057997274797 2584863032795023 157098960626439851618648929549692694031560694047 c235
 372	700849 11110153 5419392721 1220725699657 42367299139993 16584440161215846282167330487128069170776821649169 23140616853203983900922551785166946660605063239337678349130406077337 p76
 373	90060564940204590241091 31789742592325236493677867077 216526856157522033346992833381986034131 c283
 374	7481 155623169021 c305
 375	25005172023963824973001 59244397795882902986928930001 4709825349852110182615878875374419529306990314325041101342026868334001 p80
 376	84977 3056129 801310897 71306567377 17432639655812883290745409 24675897452175673572108819041 497739854873037449538282211022770570513 p245
 377	484688693362852875650185421098728254915802251 c292
 378	165358820733883770736233015527320175869593121 344410449392555791991391842565560527204857067026484035552706583597118812185729 p95
 379	10613 30817249 4918445244727502358176820280164673127 33584520860278767011970207517032237108309731086439023 c278
 380	12231385993824607429587973444912801 p254
 381	2287 451897625287 1053449334720579590200819 4444349792156709907895752551798631908946180608768737946280238078881 p147
 382	77929 106961 13968004259021399202183274452648726337203224861 c324
 383	11491 262739 4685623 c366
 384	434689 859393 33649448872371457 145778507161340929 142018149548859447798990430842371897431582393270575475042667940048026473157944321 p131
 385	3851 170873011 1051543809110704722613632495009411089889481 3815465557445576556927066195758955772398238343771 p138
 386	1439921227944130405196041866693950149 c348
 387	1708219 10455967 41130156794062447 35037423610997086622096063353212253926195272207441939622830330161546317292588303 p143
 388	c384
 389	110477 147351852638675482771921 20869977631748901447120178621975588066249 p320
 390L	201721695849323521 2685647186330706081032050321 p51
 390M	19501 9160020509281917601 p74
 391	2955961 2140571729 37633218241 9101279023169 473608692432035450677211738101499095303 p275
 392	54881 403539336813078648113 5649333362757164788488040397332687608183771313 c265
 393	78447517 22470645744200057762885095342697894721605325430609487291715500041029950763944163993319007373686738769124162721892380653 p134
 394	27581 39183683903547299202471125940449908897423309 95857172574244109092139928579854506165297073472804809 p291
 395	6295632499623851 4539787279569136988691351491 24966203549341539495819194854679625225811 36135553580039597739744803188558136917651907171 p182
 396	761113 99677548081 440718109921 4987445373502665124237014313 7408727338313716781446937691661250885891761 246288943607463575049631057704872789315648893038409344335438892115177 p73
 397	15149521 16790376230301757 p373
 398	581140178513809 25318162873760593102299508147845874260505144789 c335
 399	425991366045253 17499101101496101893247811440257935152097401 9284668536078237580134472469990637899155265743957 p110
 400	4801 43201 980801 c306
 401	4813 12061085521 4488792458298882059329 2971245460182291007178927517460929280931723051 c320
 402	1963369 213172394349469 411108592242640071999067201 p217
 403	195886211 35065183927133465514193983196961 c321
 404	c400
 405	811 213872067091 115690846857912397278375911371 1377206548249672561974389193550868011092077967769298773550347641588817070607865681921 p89
 406	29 11369 68209 512592628798218592009 396096831570425720680992129087061 c273
 407	409038414731 84713181371149698699040859437321 219750014263062386251162088588835607771 c279
 408	54673 5637065089 c242
 409	53171 1358791302758702868906124409 c377
 410L	59090021 1266925593264677597290950641 p126
 410M	821 639601 11036695406441 1073380218518144441 1350059351915828990550200161 139074671904011778473984366758527524121792121 p49
 411	823 533823991710350917 36497963117203265504917 248605498102525656309486086139544662977893 135238230631321944924974183810091904866809004766932500659 p132
 412	669913 38450569246994805922293218161 c374
 413	3821903 c342
 414	4969 111781 p256
 415	116201 374425451 166854369766695909292136736839975373279641 339253988826893206353360433625657116128281 c232
 416	3329 6314881 9013889 17678143277867879639053562401217 c336
 417	12797731 1036412737512256032518509357 14572843015599488197037677669601442481 c205
 418	41801 3041192204266706929561 p334
 419	7090831499216936060878833844687099890109979 c376
 420	134401 575794801 67501680066009758096678991121 1146780383632163283649175272843774050715065531735480891145232027761 p84
 421	9353779 c413
 422	303066247254931709383875352640800481 99707249976318584149879765693999680809341 p344
 423	615771253 6678842172224365369 c249
 424	30529 27249519156823169 3598147325458648817 105801292309560102097 c357
 425	2254201 165564988462016408581266824201 201069283252703294533187911388251 73610520788177438692703784333146668068451 p212
 426	16189 9234177915412657069 c257
 427	55405813 231360835259 c341
 428	857 17977 17845889 4724110777 1174728377118274186697 610278304060012464870755221969 c350
 429	6007 210991557708361 80216851991399964961367677 4398526783100422870888251951691 p166
 430L	7741 2198478623863901 7549370642855106064318428883982856249713821 p107
 430M	1044817620601 p156
 431	863 624089 7918920301131907813 c403
 432	196482241 9379643807081377 789462081785833165384754689 p237
 433	1733 55783879554131 p415
 434	8681 106300489 120995729 363981764441 c329
 435	33931 1134434761 2172376081 70350656881 1174705187104089640352756731 4266662839057986102285502119162080638872058454152278425256962985792707796691 p88
 436	86403431489 456439977353 1710994186565875947530228779349674860535337 c368
 437	711437 47212767691 1446026381377557429343 8157210416556447648087047867900686079357 c319
 438	8761 21307156489 6808458539691229 901966394523798764569 111956960338863707579494311481 3543809477510348590996879102037513609320141 3355330990026625816780426205253910468424129764063859532844880973167015231161 p90
 439	307331935589859872028943 c415
 440	34540001 393238561 743709121 c295
 441	2647 6007303 521360091675342950454314391509789458781157156524647 p192
 442	63649 1248821288261 6219342207515923652594221 329926770882952905235470361014177766008571741 32228072787206910077588738662288637382824935282889 c249
 443	887 2659 3646836465960880692292201915543408162476049 c394
 444	54615849443593 31495401976675753 c258
 445	4600411 317384681 6760092011 332073601264920920030201 14368738499109009207276617717065856029384012938971 c255
 446	4388641 5721432945541 27740261651692489 21324502683608069609 202541585235806968718340098089 1151849959315534266411044521456433499421 c321
 447	2930436343 452421222259 2079121605721 p263
 448	105528193 71496883142749489503687942051713 275158773279860146670791344679553 p312
 449	10985587813 481869541779887 149875511372280830299739 1979498820250457412915603811 p373
 450L	1801 33301 139501 560701 5030101 152372720018473862927761564984708391701 p57
 450M	p120
 451	298693693 69606016705406484991000471515023784726122029891 p345
 452	217294481 5691376081 3004663012668187601 23496896216135822356297 c390
 453	72481 5780201179 p286
 454	46309 3802416727162854360879394522289 p417
 455	2475034612051 1081846114760321 46205575684179731 5009499553764433156007921686514205741644754894222691 p193
 456	7865110274657230201779070033 281464188569516450327957421884016074607805300753 p213
 457	2804755241 199276489717 c436
 458	2749 200979643441189 552153310394909 55716151681286950012687536379206961 c389
 459	41162450759641 236186599173787727067007 66100563990202822332249953159641 p220
 460	c353
 461	c460
 462	4621 6469 855877717157262831328185551318041 75518863997370018078536594994311911106041 3925277248426748966984537733816767395325307476622633188305245093834818012069881 p81
 463	5557 50839253 1860679164649 c439
 464	9281 90017 490324577 20752917057986878529 363050401891291226709889 p388
 465	22672589441232691 6548241632713397411808073416931 553114664478262993662992814601370587114291 3093888678771257769541252942946202755752229401 1158334526259936604206939942487445760921582415411 p58
 466	265197188311481 31306780512964774446383151831688280696877739051661 c401
 467	11376121 32005004401 c449
 468	937 368255828264024377 5030608786526082241 22088303808535743236641 p227
 469	1877 82807833384684209867899 c370
 470L	941 29096340761 474181059033108701 p153
 470M	18465110677523332168571918701 36278027867431861993452659830529311893020335861 p110
 471	928813 24408664087 87550347583 386935254007 c274
 472	26337601 1775867753150444278073071788548035842257 c418
 473	47091881 2415697087 33076064143 18065356669522314875053 26582200910768587595398699258026449 c336
 474	10429 132721 p303
 475	253651 37536220395103028946001 430980650733675562214801 3605627469350067392124001 c284
 476	953 371281 6514537 4821233048302009490154033911787593 57556882578341647185153598986016964185201 p295
 477	362521 c307
 478	208409 2491653754605959598248971533744219901 10797227871160341111429503179257533464512022361 c389
 479	40237 2952557 531896929 1899591271579 c446
 480	269540431689328877571039011529688228976641 25847314845878688998082949169327534633072641 543185295592672549499302394643640275918374120256093130759988042950370991361 p97
 481	78426117823 1690016281413487 c406
 482	83869 265555009 61896232441 c456
 483	20287 5342512091349500920639852868215477 p226
 484	262533769339473652474903068060921237392956780959193 c390
 485	971 236681 5566733971 82489592491 c356
 486	4861 40798705910329 729719975272091111399590489 168199595687205968107363838899561 p248
 487	1842809 46031771059124302914419 c458
 488	977 967901760520372289 7849115417706986501273297 12126864657751886263647243158401 c404
 489	59659 233743 199552099 c306
 490L	268330861 32422034720694602873554553373241 p129
 490M	366395073564101 354434210886621881 28706164502711390875680641913825481 p102
 491	983 491983 129785559623 301240316407 66098047998761 c445
 492	2953 1144393 51635353141921 c297
 493	1973 776969 40256406669887 2184943628221853 865788741404845009303 2844366024589741098287806157501475277 p353
 494	294342151630080361329671206012541 c400
 495	14851 25973641 c229
 496	1353089 10935809 13561688366760553057065247502881760958056321 c424
 497	257206104226396960131527490253249591680919459 c376
 498	1033593699289 p316
 499	1997 10595774496973 1761645225880931 90423008276017153733438983 c441
 500	24001 1378001 p390
 501	107154371983 4551304599799744355996136613 33736555109868187392351962045477697902508313099 3991682749552894902673962957124418797917278009299 p199
 502	35141 162649 117412781 877561261 7787188843931699008561 p452
 503	c502
 504	1114737869182936469693737960974486017089 c249
 505	178241771 1011343309515211 10013779702381498531 p358
 506	12618302246788689711565695281 69691163546816853278309618463969524441 c375
 507	15762546853 112389066692347771 c284
 508	3921761 3988541681 764515044486144085977569 2575212027850692464577982171078840918884244921649 c416
 509	1019 7127 c502
 510L	8161 2586721 5071197096181 677827125083342723075551469213357648491441 p64
 510M	1021 855781 114797635898427958794033542315180663747542680841 p72
 511	c433
 512	1514497 302078977 3611707318387778163302401 c473
 513	60966262009 595904172463 28821826124280860786408658529 p273
 514	1147249 14933005561 116930738941 c485
 515	7211 497491 569836171 2013681931 567664121498896654896380203841 896048585318577702680084550566846611 2040619763175137074842000959911624010859536873041143037361 165796914244952278117852679114529063857981242517889432600011 c199
 516	1033 1549033 5182673393399113 24959547082435570261610997047582236770548713 p268
 517	61007 16771138093862687229221870527968178411115969 p413
 518	9392332326728043169 4854742668404878074271409128116889281113614904383409 c362
 519	447112926793237 c330
 520	2081 6160961 14852911841 c364
 521	47933 c516
 522	2089 31753261 1108860589 1452031741 803137587589 650879996698098220470166549 60567370378102931159842571650342558304322238516849 p219
 523	3920488472716099 c507
 524	9433 83572468886561 c503
 525	1051 3146327779391852182051 22771401850597648936801 17911809459808314248342142601 c165
 526	5261 119929 13268398183394556944627542607703521 c482
 527	25110172975670328882505490925107068552949771 c437
 528	123553 c315
 529	49488508644018419 c490
 530L	10601 5087682140647502286078523305727177388588041 1866584856050670751142049533200645741569755944852998334484263922627299824538001 p84
 530M	4241 1103461 22534789481525070481066146802824209631029690388674663333618185041786620876200193924826168812981 p104
 531	1063 6373 2208217663 1270660938013 22554758909969009407 1497569426218349119084237939 216300405364911283995901633078340436727 c235
 532	260827749862793 c418
 533	20289179 353260760112204881 5780277672136021382565530998301988506064011453 c410
 534	1069 833845535443385228657693694666672878355349 c308
 535	2607209081 c415
 536	3217 1010897 4374833 2929274744593 c500
 537	42961 11172823 406122163793038854621269776053091 p312
 538	3229 8609 4305405011749 355838514399900341881 p496
 539	c421
 540	14767753476961 c275
 541	780228037 c532
 542	7589 7232934780311654535925465700775281 c503
 543	1087 9822131521 124016216479696838809 c327
 544	6529 224129 1050766310593 9436966498586910837121 10057985820552786713090497 10570228101106458083884416927081704098561 c404
 545	1091 2755580006681 1107565782360491 1359322464803502776636005411 7884537470256430322347573586201 c344
 546	37275014869 428085457801 4902137591818741 798407634963349034989 p230
 547	172853 19223434331 75082069044649 801184237904695710568990687788865153927 c478
 548	137 1097 c539
 549	191870011 4741477940161 74307593114918637692506291 p314
 550L	2471701 486904001 133157371602664723858501 212890462662706052906860201 49094895915282817628267672401 3668996113223183559833250396711179251902642533701 p59
 550M	126239370797267198368490274128272780260464262689211651471701 p141
 551	1103 6416791721 94700896757 246674237689788343 c463
 552	176641 4970209 11266057249 23839779350937685860961 374531874959836692094017219169 c279
 553	10170342449 3737255637179 c446
 554	1109 17729 706277981 1537306789 496077915001 1252336594981 66580850166860184732329 c481
 555	c288
 556	530778263673847121 c535
 557	88007 179268223 344577275324047 20862619931001299769258280552030071437 c491
 558	4967159761 28975286089 206251228717780861 p323
 559	2237 c501
 560	48102033281 555204874561 29232317046703681 c346
 561	92549840806797397 c303
 562	170628118252204587852516135010731906709 c522
 563	12498601 579098423 5089082809028683211 29283791702184825961 36265008707438890601092610924794499 p474
 564	18049 60891291243097753 c347
 565	9041 363201781172207089841 c424
 566	11321 33961 2351282861 c547
 567	16071703765482961 26250114465924084172186238976878195407 c271
 568	223750448785873 139524858388268079841 2850556569628522406513 c505
 569	4874263721566010518933777773016607 p535
 570L	211592942161 481612717573381 117008737749609201563737321 p93
 570M	20521 7594681 70532941 3685902392604541 9025836525591423620461 14634428294824755331225520581 p59
 571	43397 25926229877 736417944107917 1369398895363566532703794609730931826889 c501
 572	119424449 503186110849316156410721 753630841791572038865885886001 p419
 573	2293 27400114059743151607 c358
 574	139723081 367470209 c464
 575	366851 459903401 c426
 576	1153 23041 p377
 577	36929 4085803565117909125465863327515767 c538
 578	249594146127827929 239872348404046672381 2183679952332451283732916241 2655317356577780943118905699484715479872507421 c434
 579	760807 89052517 c371
 580	49474001 442538882251054324977361 c417
 581	60176593933 22284639767043539427670611660521 33924399706846018566481718349000999107579 c410
 582	14980681 c377
 583	216877 6385133303099 3096825432750653910867529 29374061102839796677177079236872451361 c440
 584	19010286241 c566
 585	1171 75417940111411 2081121974622478917536610465323067241 46635050852360904199280507869249164331 p198
 586	p584
 587	1846703 430331915171209585201 c560
 588	737353 1482937 70251889 14498348929 3343677109249 604681084564369 c279
 589	2357 23561 3589367 c526
 590L	193274561 347811486461 12013233555242641 8505896978256278656680007081 p168
 590M	1181 35764621 3064985101 75037358034332057078790154693096980495187922731710294362515981973078279750268757439593899891657607361 p112
 591	4729 21277 2034063613 5074520115156808310077 371689241036286838741058891197 c324
 592	12359777 2394873478125117716711137 p545
 593	c592
 594	765144469 3205591041505249 13710442808952877681 1514427595353706820425903708489 3827743799473382921769954849841 c256
 595	14281 42841 674731 40410112822629936463361201 c344
 596	1193 15497 25033 c581
 597	3583 51423818851 1302554658007 c370
 598	24024683489 305045929501 3852034888625542529 11321155065857650469 671082513552668016215173889 c442
 599	265957 566182860314268445323284219 p566
 600	32233075296001 203939065707819971348847334277829768072001 c266
 601	431932691 1200234263 4393806969952149653 730010767233437179325511388630469450917 c525
 602	62997514894345258734433816429 25952425701164771267909650146969715313745485201 c429
 603	1632942157382367303385801 c372
 604	5072393 23954641 c586
 605	10891 131891 c431
 606	10909 60601 185695566181687729 169729890102775297432749649 230582899823727547560244489 c322
 607	40063 1470366704648366851 21506393120493988624437213019 c555
 608	1217 665153 1601473 65384321 911712031611457 18542613285686578370456001857 89360919064107809136921297069895873 c475
 609	2437 4315282651 16770055575939249091900247911180761721 c286
 610L	21961 51241 9818561 28474644365651641 17716886277230798340041 39069669288697789469488625615834711944836425801981 p136
 610M	6101 217345835281 555818110301 8950221294967070861 17751033585336286181 30177150878514090521547663054628235944221777770161 27186363592392725942593454290345801336551729326489701011779461 p65
 611	1223 60255294468800700570765517 c524
 612	282803977 3777811937749537921 197487625640022530230424689 c331
 613	1688298794700739422901790771 c585
 614	1229 8441425501 467043606144413071608209 c576
 615	3691 16344241 5317679142481 c297
 616	3697 30357713 69107936491313674237030826849 c441
 617	23447 515813 45135180224672561394876945851667198023 c569
 618	346973629 5439760205641 17001340047779821 c371
 619	13619 634201866251 592119999726203887006567 c579
 620	12401 50755681 8566123361 830859185201 c447
 621	74378092807 201548060483167 2414667616251762189340783 p347
 622	20270411022697016392828178929 c592
 623	3739 100927 4688699 c513
 624	57653857 4694971009 4155351649525441 c351
 625	160001 50779597795001 128372635774581251 c464
 626	1171417416329 c612
 627	40129 196339580053 9493467562479980587204226253298411 c311
 628	35252297613924163416857 265992545707898899331089 p579
 629	1259 3586448252081 135854006382839702339 c541
 630L	158201922061 56541586842121464411050521 229209947541611916250468549073491977346097487987121 p57
 630M	1351855459456741 33822732328831925621101 19825744781339712457003608841 938366482703941691072746568832156530761 p40
 631	111478771 7144726022423651 25275592878679576093 324340568278356513982411 215007779702918011813855565694983 c531
 632	3793 33802522696443169 3041610227520272973007139521013344769 c568
 633	38087571415274724997 p401
 634	44381 c628
 635	5081 157297121 6549246491 2660369248721 405519787216361 258912669263486564449721971 202367638102311029520083171135894724910091 p388
 636	225949462038457 52479828164257337529193 706882718657645277228087439919935993 p344
 637	3823 15289 1727311850410986782582477577505934019333847 p454
 638	2079492584954269 188043499241195246082595481 6861213971210390201377343641 c491
 639	488197 41743965449582047 c398
 640	727912961 46557699107280397718952961 336490113384347841803678799361 8036845650724384999755715242923368926721 c409
 641	p640
 642	1977535165849 c412
 643	19136334597001397 303748618326650573 17739058684356048064391296854059986963277 c568
 644	227977 135326297 3765421073009 10899332765626348613852706136553 11393116914681770882003704354321 c440
 645	1291 129001 54156465241 2282619848254651 131703989313193891811731 c279
 646	19381 c572
 647	42703 220435489 2884939357 4546533500196049 772645975491897020913573785287 c578
 648	1297 77761 30297889 2342167489 c408
 649	6491 40012410197 c566
 650L	1301 p237
 650M	431684501 23098714167966114959599501 p206
 651	1303 10439437 25540795299896197421506059449931706821324283570117 p301
 652	2609 1764313 4545499111409 c626
 653	1543168583919293927 c634
 654	309825961 115270627429 547865558923909 31439160336733424929 26574836366263859584549 c356
 655	3931 905381982041 15727277053931 1166895406706881 8991500936656201 c461
 656	100903134230125793 1949975276463991211904463972906337 c590
 657	52561 1415179 c422
 658	6581 1471289 354968629 113596716377259641 c517
 659	202973 1261327 1590310663 p638
 660	18481 1040161 3439921 704829921841 2204119368001 8991629523361 c267
 661	606750409 c652
 662	54842729 c653
 663	1327 p381
 664	26530567537 1054756796165729 5381943813226369 c615
 665	1258323641 c423
 666	38629 215018101 14003835481 208102759883882183421583309 c383
 667	26681 37832309369 c602
 668	224449 705409 1921752617028724103640763466297 c623
 669	c445
 670L	c265
 670M	99908656408081 28120888763986481 p234
 671	80378537928632188367 c581
 672	205633 1342657 4546753 10418689 1466242627909963541642846554503169 p326
 673	2693 53120389367 2418135902717 1982160256400708939410214263 c619
 674	8089 5938136708249 31275833988360461 500886356409960490141 c619
 675	371251 c355
 676	28393 152777 37357747738793 127184409052793 183187794354414929 70299582392905445997961959643489 c538
 677	16249 1288273728898354139 1373109878288117159960471296998025386367 c615
 678	6781 c445
 679	1935871099 268153090361731 569893955922017649838601407 c526
 680	72547841 174323368765921 325944528033956870561 3031447252741466336597441 1516395051122929541850783680941040161 c409
 681	c453
 682	183276589 57283461787861 5694051098461516747661 82154200322378494269088725509 c528
 683	1367 c679
 684	77977 2717962829681813765353 c406
 685	28771 13546296961 222884971201 c519
 686	c588
 687	7447081 14333485763997084637130491135368291169 c413
 688	248776673 1815275379329 16330640885569 c639
 689	c625
 690L	1381 63691382029918881694921 316699822269639096888937801 114061789660900413328637822705950861 73137716939443396538710479664316724061 p52
 690M	9661 6193371433274461 59483540558994759763795801 53836677179343252802536411876638569921 p93
 691	2714249 21393892529359947893 11007981173468439545767 26578194229497643738821679856668807 c608
 692	37491245201 80776359618184961 c661
 693	648649 167940794674423 1992239470584165788605948879953926371 c304
 694	15269 c688
 695	66721 c548
 696	5569 5559649 c438
 697	184952466900411703 165525666279467793827703089744624213 c588
 698	18149 54104497406801 c679
 699	1309927 22469589434122685267859016351677839053 c421
 700	2801 33601 1599581201 5496338401 507893248801 179824257430154401 p425
 701	65598179 1357962046159139 8369769456664849705148248771 c650
 702	p433
 703	1259003348274263 19054214531558771 147670347895842655770227813 c591
 704	689921 1232801153 12307853586689 46258294475009 1462030873384577 194934211307525421500033 c560
 705	44174683273406320528355293250333371411 p331
 706	773054919841 21338316273679290153986091349 p664
 707	16278717101851 c587
 708	22868401 13066260149017 c444
 709	104933 7955783278516936542385696005567573491557 c664
 710L	3988107351414007354990781 9986944549901581065584141 c231
 710M	2006461 c274
 711	68469918571 55702478402281 p444
 712	4273 53248647313 1941756034624452230147681 c666
 713	p661
 714	1429 898827469 367930760082958500279863903792746265701 c334
 715	708433441 146582316035503921 c454
 716	1433 4297 18617 84817361 1993140208113361 47128669931249236491294721249 1397282134739140428201846135257 328455338742918658426662807087083993 p584
 717	29116975651 c466
 718	536436469 c708
 719	664357 199817291 3535844627223287305638044572703 p674
 720	316801 3133441 3427762485430544075935398346603780801 c336
 721	16045006755425249712326539 c587
 722	1097441 6309203540697794137728747763478561 c645
 723	1447 19183505625847 1432840997383099816903558298765841755281 c425
 724	2402233 2022926961077521870116793 c690
 725	5801 109138977001 p546
 726	p441
 727	42772018477 83619594493013 422657750200769 c687
 728	10193 436801 64348368449 27779607418621809400581330673 3684195138144979007628488089380457121 c491
 729	2917 9860795173 c473
 730L	1574095173557315161 665787365080314723361 c249
 730M	405007685327621 8383648187691944581 14947162642878875393981 4941698957237831273165154533595725287181 p194
 731	5849 26317 c664
 732	15609169 82964213973305113 589411219716417709271235149821201993 c421
 733	7331 1773451196969129 c713
 734	36334469 5199635803411913284713990963149 p694
 735	5650149331 11933166001 117601149473851 2622832433505481 c287
 736	25687873 30942987586585490641217 275568764703416069789958894913 c645
 737	27847549423 p650
 738	509221 9227715841 66881844823755776761 7170172761396005732191662987589 c414
 739	2957 25127 127427249 c722
 740	5158143091517340832801 4805245671633605313329281 18837370424185047846474799441 c502
 741	384171943341499 p418
 742	248313269 1617496189 7059580921 4040366544061 c584
 743	1487 8172691019111011124393086241 2750793293893633690646483974559334689 c675
 744	7573921 c474
 745	110726795964772912224652481 c566
 746	c744
 747	47809 667819 2617340908930687 348553294793390881 c449
 748	29921 174146369 c628
 749	32957 280267614929 194749234429526109677 75477148962003664034473049 628293465283949443537007319053023 56551536406585191369576818265496921 c507
 750L	473217092140501 36605832263463437733314604426708004731796978480010361966001 p127
 750M	3001 89285503565971501 3405964732740856789870552501 p153
 751	c750
 752	4513 795439669537 312910899745589556275258593 c694
 753	105288979 191218066969 6392427361093 1756473376297178637489284481878718601 c432
 754	2081839241 5048897101 114550003829 14583568490089 c629
 755	22651 352415012896091 5709307758717571 36117943403747426761 154008305796493360639546122691 c517
 756	c433
 757	637682333731 1003045981013 c733
 758	4549 70488629165410024923533836947449 44887575928905286113423498281744593061 c683
 759	176089 272168891611 776471438412978001 2832165561296805799533565929552471103 c369
 760	1231201 1532161 1893264050599841 c549
 761	9133 39436456769 c746
 762	86869 70983349 503340347310181 1643031444531412945030981 c453
 763	283837 17788583 8333861613298742126117 c614
 764	161969 8464809710844890517494016141257 c724
 765	1531 7947357582331 12804651623971 40984651817371 c342
 766	183769529 c756
 767	839880464810966512796119739561 c667
 768	297102788984773956097 368082645507436752287233 c468
 769	3661979 857551598430969981703517 c738
 770L	177663162067596466801 557377949694929416901 198618138138638637771823241 p173
 770M	20021 1607415137021384783510881 647799461893729229242068652342456021003805852058736425973158141325454469108253161834095467738437014341 p111
 771	1543 2322253 46608601872127 74419367274678463 4488944912811246721 596499234628354861081 c433
 772	3089 77201 10086953 c753
 773	2514771527 27542107953980594633792218895027329 c729
 774	1549 100621 1596501606879721 6056569717114034438093089 279060762796539348792116809 115309033658716156289440262332960681 c395
 775	c601
 776	1553 4657 2138176433 45154373777 790754628893923244612618955473 c712
 777	29527 96697267717 134986808293 127227421112773339 c389
 778	68050337401 12732967786842381210845984691402901 1763722658625922307781888583674044509 c695
 779	305369 2268449 c709
 780	66365521 4487398067478973921 c358
 781	1038731 9836692748438760158338693 21087607449185737846314615475439333 c635
 782	15784602749 495074662729 805451932889 c671
 783	1567 32887 c497
 784	180982448641 c661
 785	1571 39251 c617
 786	116329 c515
 787	940239087358790493296969 c762
 788	3746153 12889706849 p768
 789	1579 727459 13982659 c508
 790L	14671834360812557354682189761 p285
 790M	102701 99834305852659737721 9881484126026806397682037921 p259
 791	1583 1211813 35835054263 27232839211397 559506302377160805703 98486006552146096676731 835923017568339901219132877 c569
 792	249357075126193 c466
 793	2453543 43107481 2394828281 563402487961 c685
 794	5772915624912581 c777
 795	6361 57241 c408
 796	2037034049 7824160248617 c770
 797	1284881957 114994068305815597 c770
 798	539449 3301756921 2849804328237327770070659524861030390352218741 p372
 799	149419107039492234761 4588162642029183238011363957761 84381206263904600374587469219832511232219 c645
 800	541568088183015318401 c620
 801	28837 49663 261127 2325820447 366468369571 2290241528677 p481
 802	3209 75389 c792
 803	1607 c717
 804	213875257 551715373109737 1062496987134964686759841 c481
 805	594091 1302491 46688538121 3383037210281 62170786600441 134946626777348891 p462
 806	6449 427181 10577123401729 c698
 807	29789326200125445381652099 c511
 808	241512820454226049 5897861123026503881036334241 c755
 809	1619 25889 35597 14305637609 389074661646211 c772
 810L	1621 8101 119881 29639179139212862101 c185
 810M	19441 27541 68041 67128593062302476037266041 7997499229153265919258822361 292833529380862495499652402770042860551961 2187911623791867750065408022595894263802921 p65
 811	3409032013 c801
 812	17456377 144919694966021542240510318821809 c633
 813	552841 19633880890121399344333447 2361737551129877719236265175893 14346353391098975362754290118329 21765743514521277143440823504372166157 c411
 814	24421 115589 7716573481 26860773000292529 p685
 815	30971 2430331 3760411 685857336361 9903615620569964474761 c597
 816	3156663361 39127329514182768921189838418689 4444442797021732533861519689020084897 p435
 817	4903 345228253 23360018579 c734
 818	4909 16361 2396741 34876249 2091195610248881 4829616990104344590241 2605270211162934136387269445121 p727
 819	24571 280099 12784978043570445859284139 14919407400114262321144007171761 c366
 820	5073514674441841 1020783386354597532481 29538470069644094847727632948024527616881 c563
 821	6569 c817
 822	144389656548047821 2834523818368583744706086149 16254031864650930002850269462824009 c466
 823	197521 4029409 7966164107283358001 1019633559336140736997 c771
 824	108769 20183057 3762354317873 4584442447693805307021826613467885850257 c752
 825	27581401 15334196149801 11153763122343284851 124448981774280741575251 697584995226846644351713949856887251 781096971351185956306280104220477251 c266
 826	68921441 c689
 827	468313561 67367542397 c807
 828	1984699441 86239064881 22361420916001 57623262784777 41168686909062457 27043868269833638345091057330221113 2992954220671053473210428102132664473 c394
 829	45468612576649 18081197289920551624005736479518573 c781
 830L	28523597299050421 186800120554932461 c295
 830M	550059014321 53842781766332811378175769094601 69507360204230144165120626764201173268401 c244
 831	1663 3653077 p543
 832	4993 1301249 14105914369 5630605803418753 171039774820082689 c716
 833	609757 548804832033845773 319824888758480762691339433102367 c616
 834	2420269 94869169 316045969 681395720294658810682438883431201 c497
 835	5011 461278897961764513411218521401 c631
 836	6689 135433 c712
 837	5023 261315626851 108131551600520034721722272883130729 c490
 838	3694282184532746187389 1683735308680418754311470527721 c785
 839	107314813 6019610075586611191360847 c806
 840	3361 20161 75500478859681 826427348932069065539097601 681246048580017390433849414006037281 p300
 841	3464921 119226889 31208910232441 279730811663731 5708922049340287 1630777462352881403814023114519396413 c718
 842	30374617640449 1923449716625508568977467261 22476551674392267849702277941854849826781 c759
 843	4917833840230807 c545
 844	c840
 845	6761 2132178310436954247617371 c596
 846	c553
 847	c661
 848	1697 1373761 50666791195245169449313 12009319775706514220108801 c775
 849	9170899 715880197 1941850545413860134349140850659019 7198295568559013885196835567543447 c482
 850L	5101 7239775671637271201 14305987221084718242712901 9617937539686528098542338201 c245
 850M	3221501 228874386456730629545201 2095984910297609187763730708273246358018472392101 c242
 851	30637 714841 40538237 2348555453641 161293576452574036129333 c739
 852	5113 6188929 465399516529 c538
 853	3413 136481 c844
 854	1709 188991646284391469 12825306489097494993329 c678
 855	3425131 4617001 223511343531391476730446841 383854742458924623593660909731 676949894797134696311042616530611 c331
 856	c848
 857	62526304942903 c843
 858	1063921 152980598629 c463
 859	25771 1174705983343 1486519116402317 17042007778696847013238321 c802
 860	350881 c667
 861	22873327 1309140169 2227500794590370844147583 63315126142382340775081879883434386905247847 c396
 862	50709700557334097021 c841
 863	450487 1584705713225403483147160166143 c827
 864	6123088911854233729 c558
 865	16002307438891 927317454109739561766501011 c648
 866	58889 4070201 1927014541 8246900052197820521 c825
 867	27608334534637 1972638068686670089 3434599112338341945743041 6794665217550790190548807 1363267285346876343226104657933729291571 c424
 868	31249 c716
 869	351077 521401 594397 1835329 468789698939 c746
 870L	1741 591601 44293441 46659841 2102595954900526861 2122059937446676383606257085781 p152
 870M	297539144610727899181 c204
 871	1169982318623 p780
 872	3831796138952006881 43922242252020060474812593 p820
 873	10477 110023954291 1191471327127 1050177580661792271099979 535845096217228836681072091 116089721943926115626614365020206939 c464
 874	8259301 1440247121 21631222069 8177669991059740173635806566781 c735
 875	7001 c597
 876	p577
 877	c876
 878	84831373129 32524550757016458408427921 c840
 879	86143 c580
 880	14081 5054095645487169601 585903038877880401685466313109511755841 c579
 881	312312739 17711949274714801 9022769640122436503 c837
 882	3529 833147737695001 32947048425915036940409828576569 p455
 883	3533 386236903818131 23341218662287312957 1796709486977412994959502244801 c815
 884	306745325017 74923940370137 1754696500121460304617371593 c716
 885	6628925590922901572512321 p440
 886	1715636541285455667635429 c860
 887	97571 c881
 888	1777 7228321 14645119755678294049 2430356574005120498845908043009873 p514
 889	4514666454616035926293 52034716615139419063969613 1515780514077670348158815644201 c679
 890L	27011502947658641 336110303423002201 1770802747819705674494038777570386129969127178558041 c268
 890M	135281 57431716021 1457410742401 p324
 891	1783 146895607 756065179 1008776328735583 445514740907997463826918277583 22663213771462227811088536403512441819 c438
 892	16057 77720932598970770971176668683177333921 c846
 893	c829
 894	1789 394330363955059501 p572
 895	35801 21206131 6586348755220675329011 c679
 896	7710977 12939800833 45501964033 c741
 897	41263 107641 564362592691 40118979906877 20186272871950202514968048148247 8506605834248913330852032305919581849 c425
 898	116741 1047678641 2886354458906795587641947282821 c852
 899	5733823 728008898249 1783819981751579676826660296718813 19139674963189505655771688512382087 c754
 900	321473851171201 178601070881582358375601 c443
 901	5407 46853 28478809 c817
 902	165628849 c792
 903	43304701938592897922269981296083376277 c467
 904	c896
 905	1811 120856583251466840154268833761 c688
 906	p601
 907	12005053 1374997489 c890
 908	285113 9419593 227165039897 3807960958399006163762044938087483809 c844
 909	85447 c596
 910L	13159402621 131454539198398781 527145878168855401 643852143556794829021 p223
 910M	173827038841 8886004303541 19721126575796101 191616955559592384669436097618582851538253404221 p200
 911	1823 12555609937128249776670687863910703 c873
 912	1252017313 524026007884633812193 18327432034692069824540945222401 c515
 913	2090771 4939331 1240665991756395996384539 c783
 914	312344481476645489 c895
 915	c480
 916	517731575900531219753 51626338988814569262789149429131191054412260377 c845
 917	144887 288840329 223908687382121511269398989390133 p735
 918	p577
 919	3677 20219 c911
 920	1608357139893807878893601 88424835854419406860480471361 326866013321545141677800244941441 c619
 921	7369 550606957 43792442846195935916779099 p574
 922	p920
 923	1847 26073303180887 c824
 924	7247800561 43713344481832873 c454
 925	272580851 23843315153651051 2005703005501730201 23065810301309733589514522366801 c646
 926	62969 118529 15103061 35034118330919297779082305261 222918345451775051784679332634923849829 c841
 927	1358983 41343860637475219 c590
 928	1262081 190390337 c882
 929	3959052413 35145825811 268162241521 c897
 930L	1861 459421 26482637738395021 306993468333255153181 22390769664507427965690714361 1891014345342089253412148254805092014919223493735583702021 p109
 930M	105966383429834881 37677420311908637019589121589205677966961 295188553361058681059167605734159744284801 p142
 931	p757
 932	6561281 3778203113 822290222435622426377 1814105537967095390828123177 c864
 933	14929 981517 1107709849 3659309971 44793075524251 40884618354383677 c562
 934	266630849 1657467061 7123421861 798834865589 22529176443149 18348343644513615036923249 c854
 935	c640
 936	1873 7489 20593 c565
 937	110567 142154581462813 56664562696444080943 3515936402420128079087 3932006991487594546695469546108593141197 c836
 938	46901 c788
 939	c625
 940	3761 217374428799954470234641649504081 c701
 941	5647 7529 3732007 16646291 53416526888490047 1044226274022390099513010941863 p872
 942	3769 8021916711834924121 c602
 943	345139 1742432023 952058188909301032248259 9292483082021101888594961 c817
 944	11329 27557249 27455242620577 96133333114241 4859846047732923587514032493793 c859
 945	7561 1105651 c423
 946	26489 1549549 c830
 947	13259 141688247 1008693263 2228366761 9487718371 38448175821197 2123123758602269550678081527 c865
 948	170641 57340465299866278297 7766457159337484152304096869413649 c566
 949	4827832517 1134324917113448503 1298641621301979943 556697635894798527575354163078455943611 c780
 950L	39901 178601 41486701252999751642701 p328
 950M	98801 142501 c350
 951	23801700277 38405613853 102570756454098763233742574501743 c580
 952	7024789118033 46502552676497 6857342640968256242829745457 21557171662150244330582576315329 c683
 953	110101997 97152765745927 2470062217016742967 c912
 954	248041 134027883919441 2149861802212127193661 176220871426818702935281 3166367055878930008490461 c536
 955	805712491 8216075917481 128275956445522068558281771 p713
 956	1913 7649 63097 7055281 54882049 3221242001 c916
 957	8793273568581345414847 156318278601913796169958831669567 c506
 958	7577762206109 325803410383349 2552444839419585524394419255461 c899
 959	604171 2531761 8506331 3303672527 c788
 960	7681 24932834283758484481 171805500641472910081 15839740793264419741441 43973391534976940851201 p424
 961	17299 c926
 962	c865
 963	3174049 9677692157899663 2863506018503175442280251879973861635129 p575
 964	573152043176300513880189621570713 c928
 965	19633891 152910609411761 c747
 966	4443601 639630505081 c510
 967	1747974343 9260135117 52098495635353961 c931
 968	13553 c876
 969	3089173 713061605611 16405337754548889997 c539
 970L	3881 2095201 5540641 8437208226003698462219081 11862079363268778167396083543081 c311
 970M	112118675767542210961 2297013522490559870381 c344
 971	48812171 8392200095843491 c947
 972	3889 1828137601 81363421729 112117914380881 13855230314959249 31596385900910689 c578
 973	70099301171494099 c812
 974	1949 4092749 6546977248647714505481 5638695788705281672279653881 c913
 975	5851 257401 23281905657338518494799021801 c443
 976	40993 315019284161 c944
 977	c976
 978	142789 26269081 532417220509 858108826258385082629821 c600
 979	3917 17623 c873
 980	925121 2077601 2661988743121 29055629599361 1578625853663873588077841 30701998710396997786419121 c585
 981	7647877 48062771745512131 c625
 982	17591256444003575964569 p958
 983	7099447650773 p970
 984	922993 3322692262850881 193644560675275226950835815809152161921 c581
 985	1262771 c778
 986	88741 12464369129 16605684883738697689 c862
 987	1575253 7489357 2142992167 c530
 988	2440010445601 91740999241202560815859390241 c823
 989	1979 24965038554406497518290740393501467219338703 p878
 990L	11792881 13658444360377741 24993753891762056941 565535931528718738579019314877232841 53125155761987678805593513985958923168195287588798092019101 p103
 990M	5641784795021761 42107659742730781 1449607260918327688981 c187
 991	154326449 1040954329 769150565783664091847 p952
 992	5953 1234049 1725820097 274680731375489 c927
 993	25819 2166829484503 c644
 994	9941 20996081257263730184696490606426919949 c799
 995	37811 c788
 996	c657
 997	67287157067795153851 4379433473702491094413 c955
 998	55889 918161 3199589 c979
 999	58390995742813 c635
1010L	614794740059777766179873521 c373
1010M	8081 c397
1030L	16481 55621 6060521 p392
1030M	41201 134699281 c396
1050L	1194901 62134801 219345525001 c215
1050M	5455568729101 p228
1070L	6421 96252210267521261 2503449683975634389122475131418441 c371
1070M	2141 10719760477926601 1044374808061138338437701 2663175124735692788546303920893311173981 c341
1090L	1809124652597219199454921 c408
1090M	34895261 c425
1110L	2221 4441 7514701 3685934032886198733503120219424401631090149156941 p226
1110M	p289
1130L	c448
1130M	175355474714181315761 17395329114755487281341 c406
1150L	1432932516494710801 13711691889120319921601 18769033515469256054311509073901 800347835624048997614541100944192471049901 c327
1150M	131101 62056301 16637631264355748201 c408
1170L	25741 257764562641 1242247506458774245772941 c249
1170M	2341 6253963297921 6586114851320941 2243751933881016388445909960981341 1005585052940350795358144502613051321 p187
1190L	2173323181 404602135933329343086464130521 702606961290758209596508239010415070912788739581 c297
1190M	40782806334630814872615787099213154501 c347
1210L	1006721 2323201 1754328181 151620139001 20142648596621 1846201244512901 46044192574461956631162884206544861 84811796431631290623169001584291837989158483861 c298
1210M	25152820511880161 62706669288767918041 3648708200710269887741 c383
1230L	19960441 72314161 440049721 11596877881 3836248678366981 c271
1230M	12301 1667881 41787784142581 580617266024481216883346461 15127518961700358866020315013711540641 c233
1250L	670001 26216896777501 11727340168618688631353490001 c453
1250M	170774437501 630240900001 c477
1270L	c504
1270M	629921 5909268714841 16002166404515305621 49051465598243304065801 17763222432585594755925061 c419
1290L	10321 614041 18445875121 c316
1290M	20641 25801 230547756842639206892221 555008993555717464119718039441 c275
1310L	770281 291526290940618124681 17887424570603629912152689581 c465
1310M	2621 c518
1330L	73700621 c424
1330M	85121 11203578202730731208756592781 c400
1350L	46451545582789362601 58492177198550575553528635501 p312
1350M	3933901 34146901 8359025705527014660939301 8751155967804851127450182913301 30504342109530022290339930441561275249401 c250
1370L	25667599314241 c531
1370M	2741 8221 318831012420101 c523
1390L	875855681 c543
1390M	2374121 536254985893201 c532
1410L	266911765212294809521 25693119987753851262954159131811909331940122321 p302
1410M	8461 13854661 491024222284801 1103934325530472323615199261 1310889747581857604086884031649597221 c279
1430L	8581 9166521169379834261 c458
1430M	2861 58348083655708472341 c457
1450L	2392501 3488701 122678497066960463501 c527
1450M	118901 400450755477401 c541
1470L	5881 1140721 516305161 1011251221 1073270134789210697641 1075429309713599962569015420301 p258
1470M	836852537663431024262594245734506253118486892761 c289
1490L	62581 14118155281 4672884738461 72286688991301 171815892427926701 43449727365272099794386367962241 419756153580320286394669174686745894121 c463
1490M	8941 2336398996447692315465181 288402714464678603661515072629901 c532
1510L	51341 2307281 116848737701 102457179041535481 168782302910214142741 c542
1510M	2455261 p594
1530L	6121 9181 49281384122461 37932032823724801 239693526486549721 p329
1530M	302941 751762284003937848349377181 p352
1550L	151901 356501 p590
1550M	c600
1570L	207241 364241 3868481 5925181 29761675926781160150142940130769922081 c563
1570M	94201 725341 7136984465461 9897542032658521861 3299894113715127521683201 c557
1590L	89041 168541 324361 19230800718703012424278686070681 c369
1590M	28621 639181 134752822044961 c393
1610L	144040261 29736207341 8423655822821 88363026571961 6794782522478441 104305081424021932721 2483653042730360909999468558675400001 c410
1610M	3221 116280641 69756767353855961 c501
1630L	16301 10524260798399543681 p626
1630M	1097055741161 79299079505641 c622
1650L	3301 c397
1650M	104058563677338657976098468528187201 c365
1670L	98894566383795812761 5898011806102849049868610775084224481 c607
1670M	12223882620641 c652
1690L	16901 118354081 43557096701 c602
1690M	16721357555161345061 731343794675680514994273533442383092774601 c563
1710L	95704927741 c422
1710M	13681 621270361 674711281 2224423861946078041 c392
1730L	3461 72661 c681
1730M	861541 c682
1750L	2223478138849019501 716677379903896505369824501 c555
1750M	10501 28001 3339619501 848876521501 1428710081851501 p555
1770L	13201273994407921 9852501738022021621 p430
1770M	1564692772169674564906716842550597726647101 c422
1790L	81821641061 65843863666621 c687
1790M	3581 14321 325781 891421 c694
1810L	263346017179961 81685556537224955443340015680020142181 c668
1810M	3655211741 196636530190361 3294170239985256241 3973728652754811772515860861 c651
1830L	p481
1830M	61 7321 c474
1850L	51474579992046301 205318543715430308622381401 63525746267924919262185230801 c649
1850M	3701 c717
1870L	1342661 c634
1870M	18701 65363733161 246064847436430347481130264401 c596
1890L	193197008663100663898503151081 c403
1890M	778681 625841411484301044481 204030194366815541173925619389821 p374
1910L	932081 761837274709541 828935198867381 c725
1910M	3821 22921 2297137189481 123273472697621 c726
1930L	1135265221594400333959572901 101090549045858464279957937311410957841 c703
1930M	19301 135101 1771741 3497161 93676873201 212743491392385301 c718
1950L	429140220995081117770103701 c454
1950M	109201 90827204742518401 8927366651782745402485106538825301 c425
1970L	c785
1970M	35461 c780
1990L	p793
1990M	18651857544500701 972163237214652421 205414259286787801896178150445504041 c722
