# factors of 10^n-1
#  n	factor list
   2	11
   3	3 37
   5	41 271
   7	239 4649
   9	333667
  11	21649 513239
  13	53 79 265371653
  15	31 2906161
  17	2071723 5363222357
  19	1111111111111111111
  21	43 1933 10838689
  23	11111111111111111111111
  25	21401 25601 182521213001
  27	757 440334654777631
  29	3191 16763 43037 62003 77843839397
  31	2791 6943319 57336415063790604359
  33	67 1344628210313298373
  35	71 123551 102598800232111471
  37	2028119 247629013 2212394296770203368013
  39	900900900900990990990991
  41	83 1231 538987 201763709900322803748657942361
  43	173 1527791 1963506722254397 2140992015395526641
  45	238681 4185502830133110721
  47	35121409 316362908763458525001406154038726382279
  49	505885997 1976730144598190963568023014679333
  51	613 210631 52986961 13168164561429877
  53	107 1659431 1325815267337711173 47198858799491425660200071
  55	1321 62921 83251631 1300635692678058358830121
  57	21319 10749631 3931123022305129377976519
  59	2559647034361 4340876285657460212144534289928559826755746751
  61	733 4637 329401 974293 1360682471 106007173861643 7061709990156159479
  63	10837 23311 45613 45121231 1921436048294281
  65	162503518711 5538396997364024056286510640780600481
  67	493121 79863595778924342083 28213380943176667001263153660999177245677
  69	277 203864078068831 1595352086329224644348978893
  71	241573142393627673576957439049 45994811347886846310221728895223034301839
  73	12171337159 1855193842151350117 49207341634646326934001739482502131487446637
  75	151 4201 15763985553739191709164170940063151
  77	5237 42043 29920507 136614668576002329371496447555915740910181043
  79	317 6163 10271 307627 49172195536083790769 p43
  81	163 9397 2462401 676421558270641 130654897808007778425046117
  83	3367147378267 9512538508624154373682136329 p42
  85	262533041 8119594779271 4222100119405530170179331190291488789678081
  87	4003 72559 310170251658029759045157793237339498342763245483
  89	497867 103733951 104984505733 5078554966026315671444089 p39
  91	547 14197 17837 4262077 43442141653 316877365766624209 p27
  93	900900900900900900900900900900990990990990990990990990990991
  95	191 59281 63841 1289981231950849543985493631 p33
  97	12004721 846035731396919233767211537899097169 p54
  99	199 397 34849 p51
 101	4531530181816613234555190841 129063282232848961951985354966759 p41
 103	1031 7034077 p93
 105	30703738801 625437743071 57802050308786191965409441
 107	643 999809 9885089 215257037 2386760191 511399538427507881 646826950155548399 p38
 109	1192679 712767480971213008079 5295275348767234696493 p60
 111	37 30557051518647307 8845981170865629119271997 p29
 113	227 908191467191 p98
 115	31511 19707665921 20414137203567631 5799951513941382144830754391 p30
 117	240396841140769 537947698126879 3352825314499987 p28
 119	923441 3924966376871 768736559421401249042753476963 p48
 121	15973 38237 274187 p96
 123	1811791 626920594693 9425856976319889649 p43
 125	751 1797655751 176144543406001 p74
 127	18797 90679 p117
 129	210769832431 407429732767505248479163 p50
 131	80173 109517 141811693 446790173 7370364319027 15594845538029429933 7317723970031057677693 131758351065116151205213 p27
 133	1597 2021015460335957 p90
 135	1577071 16357951 310362841 258360989311 p39
 137	2467 2535528323 1029879756928762117455431 140175894162990609843314797 p74
 139	119124859925363 p124
 141	283 721030498171501831 p72
 143	2823679 180523201 47428676444591705727929369346443 p74
 145	9605671 15589280974996818911 80684370001269698853996151670133742711 p48
 147	63799 4715467 267652966241599 2603941883787374089 p40
 149	12517 535596779200919 p130
 151	907 429360649 29877981480806017715604631 28656552837574546515657117360191971140211910788651135283 p58
 153	307 18973 11910133 25332185271529 41331541464123787 p53
 155	311 9294566806081 p105
 157	301670477 5180282664612031 11427999892821876397004936937893 p101
 159	351391 3852774594841 185328247384490197483 p66
 161	6763 472341157 11273170771131750391 1626777403161656797092007877 p74
 163	5764066668537270911379761 403925722833778378107304989280994102850314855068615959021587563 p75
 165	471241 138267770127916457629034873443951 p43
 167	18843947 106811083848465643 37576897811119167463436962410483708090653 p102
 169	11831 2709246550432452192307438140153898730002165574677 p104
 171	229162071140015324614111 1104249349362995181144668003642191 p52
 173	347 21528169344472027 46194618816084982100679234312974236345786346173 p107
 175	18525843918490695886751 991474271662986957800680951 p71
 177	3187 232199557797964905143390121842739619033812919 p69
 179	359 36558961 4201521652717 352543640588653 p141
 181	12671 28865519 995130761 16814655289 414479952329 p138
 183	2520277 26384856922809741239246281240888980994567902544116187 p62
 185	6511230041186560022095681 1936570114827069923550119591 63441573295906607253783211246544893041361 p52
 187	143899867 19886424182370875870239184131623563 p118
 189	878075126908698927928483 33030636037992147205820927521 p56
 191	4473297929 112103021940812743353521 p158
 193	773 39373 561470969 639701219449517 4274417556076113498947 26409540111952717487908689681403 447798287131284928051408304965265782892174953181087929 p55
 195	1951 35081393881 360924572424391 p68
 197	52009 79040479805615687465683 3599474961483053310878605135585111374469138078226023233589649293 p105
 199	797 29453 2253079 p185
 201	1609 2046166739518832881 184976479633092931103313037835504355363361 p70
 203	18620680471 68616805173400502243 223072327648229020879 p118
 205	41 275521 21158848681 p143
 207	109908191603107 823799348530495507269035013254489287846904557 p74
 209	257489 1246477 9269802917 42545662673095831743789692955596677 p124
 211	692624557324389620662782322677336711138108482588281739734375570506492391931849524636731866879 p118
 213	853 1594093 1182534679 17469229933 p112
 215	431 41398275939670867448911914339156680381343777006826487831 p110
 217	3662093 51508652116008872412773338336289708669037765081397085489 p118
 219	439 2212293763 39316310783659104892252157287077969239619734325044334592964583271 p68
 221	443 1661422610776235605151630089 p163
 223	2677 130975483 182458277086165261611622073457934047326239127722446775785510707991660410777011553955711177150186323623147 p107
 225	2002877551 2636899200194401 97671987485517534751 125899659866627764313267482289910001 p41
 227	113136621886721 617431748093238554410874808506989442264783116181403206744221352101186333 p141
 229	9161 43544351 9006996017757809392117 p195
 231	2311 22187551 535212994471849 234904066377148960506871003 156813120797253579231191970121 p40
 233	467 47533 115081654907 89412401116867 42983757528467293 10857980200444401822643 20131492120828919814484857298874674155298711142397769181347 p103
 235	518203357921 190893195970004711 1589908647339072250321 605431706028029946531059199512572282414786250085768871 p80
 237	90758677 1603873536486496162414778277997333003 p112
 239	479 142847911 383155477843726029783939406113226468701730728790004161 128780300340244872385688233345188210841783983757299260103530718169486826135819357 p94
 241	125997820213 6864117620760368762783548070444378476387203247067308861991 p172
 243	411361786890737698932559 p138
 245	336737801 23609565631 8274923251622825388807721 74689140199104459031993110210054016743223513365511 p75
 247	1483 1024516164479902988921 1299823520026173021751 153360717056181938148119886537684707068363643930609 p121
 249	4483 1413141919363039 79631228080621938573499710253940180960724841 3524445389714777887659796421466286321350017806951 p53
 251	52371653 p243
 253	1013 3037 72932311 2615313691182114927177553117 p179
 255	77967508765681 17452955481423492661946457391 34194473116159546979818689031 p58
 257	1017721 4271961427 668337078771358175173561511352921717498789809202021239 20681782035095012570348770193027967570464573338540010029348210640101028474215350858563 p102
 259	2591 64638631 3663802449983927390483 68941184253610253169908132923 p155
 261	523 670249 44974999 9113995243 7299238406959 9136734149894295938064503769037 131108694538423601496731528051392288744803439 p54
 263	40199712048008930571428131875902950777477607917 44098347924570538726555032711112035074551402751062500493727027459523924634267 p139
 265	116721153193946736160194298023751 p176
 267	9613 540913940517169 p158
 269	5418307589425009 44052813154697065841 2211459886311754779116554026679494335670326227547524190235297713426923019604371977151573671 p143
 271	1627 56369 4790817014835738008638872886922952208975172696533 1048154349784751879382669983663641683212388646898930858425249862927198203812672579936297773867 p121
 273	1093 32786209 139708570703521 5331924088485663758835996822909123141656859869805374791 p65
 275	7151 15401 59951 2495283264895779020253203931608951 p154
 277	1016157022810759 102092644289739525085919338335107091799 327650532696035587659287570766072667236893650986365027 1791947410655996336975059053251127469487134368847917252099082548089 p104
 279	18989357081041 1986554577939642346080445591065987383029299397551517 p116
 281	563 2597610354323 380431988961690791 133355295524380732608674846305692470329 6094463724238514393536486476811741232272703852684691428123942057856885180480111114373298517228174199 p110
 283	16809360945688609 42608585710315399434791772854102387791567329009634088723 14581234319103066028775672489693676585356108680217557645894667901188624395417379659379946959868199 p114
 285	18449288550044654139241919401 844267447094321323435601792968017601 219414044208440803345204019137889332111 p42
 287	1723 13365428707 1941851180301719 386736023165016911595773048286586040278275120007787504683197800313250373 p140
 289	42773 93195753455238027770502373 p242
 291	1747 18043 1625625533641 1953725183587 1012047221926483 p145
 293	587 9476124263231731100867 72753092406224481018194292737207864791672573037959 1221988126336010683636167127168551453717779986523154333004279 1636304654662619858552944817897722943031367354529440721228203 p98
 295	366111286951 215168431547401 6898649252938113791 p188
 297	55243 198397 1981560241 31600574312077 165426670443186506567467 7907009307594694001053552000588658391100974093457603716419437 p64
 299	599 646777215499244129 p244
 301	821856609631 13403893556831 1141240390081433457327371568501745249133720840602413587 p173
 303	2096761 272295362253883 p180
 305	1831 2441 38981441 23886931441 2589575105599981821056130911 119724826129796860249638217747306760831 15036424216810835394267218232384724378143658798913881034271601 p89
 307	526199 100066684713521521 11357792009472146190882003383320587841 p247
 309	167798066344417387 3462948230491376473027 5294796903161592416528456780680376286484870226446771978908657527791 p99
 311	4344673058714954477761314793437392900672885445361103905548950933 p247
 313	1879 2099818661161079 p294
 315	631 142809770881 p131
 317	p317
 319	723493 798763879 25815444138362212501215782602427193330961 p225
 321	167805961 p204
 323	851908127328669427 c271
 325	77351 200201 4347195468174001 280672874149406424401 3733209604853765522511798189559871765401 p155
 327	1147117 13675561831 46553630477420371690681 p178
 329	1964089881669809395643 37633698993045258670863410188544865190871951 p212
 331	1987 507849415889107 p313
 333	96455449 2503678796850536532770633167883644999 2391225903192434229494639627847286709185128947978708401 378910432397861194405369041242690342635541471617136043289 p61
 335	161471 50473006151 8480807579201 164168826950706906612751 p212
 337	427991 282549563 288525099368866187 16917315519781128734365649437223631827 c268
 339	406123 777734075184513369134763199249605543798943174359980119 18291566303691914139457741657555501180932574564840850694321009277 p101
 341	683 1309536986943791 1214990613179601809 246254302494824359942225692028596828479 c226
 343	1977439591 62612348451548943616787 7754637448036836493958053 c238
 345	5521 74521 487831 19277911 35645906496364306434849378023333297827811383782580351 p102
 347	27067 p342
 349	127037 28974679 6558190177933 p323
 351	35803 355087294364791 1786946360382838276990549597027 p167
 353	1781225293 1044667255801249 c328
 355	12071 48630031 14541138145721801 637608923699011111 2816176140325775182481 12291800548749837777601 30124399372383431732349878765015295744155071 p148
 357	4999 143556841 3329808692827 43451713720907517733 1118941080585995263069320373 15958610536514031269673402704345512354924969 p78
 359	719 73237 799853 33569502677 18200054748466867994849 8745075387933004096394385246656921347 10483559820031479418770210067382566319984375940690615649203032945707 c208
 361	81671197 88231338953639484307 103143975536225777711 2747268108721464854672161 11614395396735967816534625117 220706363362058009698248377980921202870796191 338672903965083087378920536692185596496049493492739500693 p141
 363	622001227 1830142890743707 5160868930485515110885377938636202783672029518450934426716029249879502627 p124
 365	c288
 367	3671 129919 1628747 20211847881829188997 2455930880606076809434613843 p305
 369	1900016393894413508477719 3151445759294008336434146467746716852125711 4624740815741021164555032450406356165555243059597323 p122
 371	2969 51199 26628696860763170757415075888614691991511099147227 c255
 373	1493 125329 p364
 375	21751 47001751 4471031976001 1375436107164906400113195032668541009729549504205143102033627145732751 p107
 377	11311 30161 75401 428991023449 c311
 379	3581077009 123816570976184709280372723 p343
 381	9783462102370544239 45830377642600710169 591082109095345424416413908752729 82548590511975869997227448819484483748713764399174373 p128
 383	852559 1628675880394909638591813700831880313095925587 23181229247696012268805890210990826546682789683 4444575092571167489534267707374644429886101712373400879 c230
 385	p241
 387	23667927744614744947915146673639 1716647120944708147671447461422244736431889206579721400376110588630763194268685679597826668704163 p125
 389	1991681 9673567199 30613946219676519851696681 534106762532886493971950663223965323 295666607855148525951669299929669849601357 c270
 391	7039 15641 140346818465014013770407271092917 c312
 393	787 11983466231266295686798098306470812807267 1100517845115354201024243897527295703743726722437 p169
 395	870801991 25439781075319591 4706625334158237778391951 388603184868446209952357338208961774763421470820867551 p209
 397	15941835894241 414655644406744473813179034437272581119641 306705064286388936780828266137942480452220517447677 1026361165663372453250598274116269654182086724746239639 p237
 399	6316969 34282879 1473464802559 7459654752238258604700923083 p162
 401	16843 26914319 25630835501493582366342771676602359 14135641046765185164159467932114646984359158253 c308
 403	1613 195053 2877743575868875117 c333
 405	21871 61561 5222071 40435201 250093532125526915278352940802333503335240107302499957158939577140544111 p122
 407	46399 390721 2377517312347 14922184078787276001107 2152658408661598725743865849598999268689 c276
 409	1637 13907 77711 1375877 2777111 5371851809 7061270715258437 230703986686330645437422372795294965009 c320
 411	910370210237485953333456541012399 p239
 413	827 4957 133813 c337
 415	219303431 630959088384161 2583267906383511978058229561 96357627407011709976598813958321 c246
 417	13761001 6482220799 c260
 419	839 82963 481154717070862987053019025329 12627408558266078891364887027326567507 c344
 421	32839 70729 5252329483 p401
 423	1693 16921 4731576386223439 c253
 425	2551 1076120401 p308
 427	154061654143601 36628331922753173 p330
 429	50184916627561 472177531896662923971700871858905573 c191
 431	3449 42362129 7567197163 c410
 433	5197 71879 10267736058618833778601 c402
 435	80911 102019681 8538216023012034296071 p190
 437	23599 81283 2152970896196020817900437 c363
 439	2774877778471281360677 c417
 441	883 4544124995627281 p234
 443	6203 1671105208361 417961168013595649 28717388626439874293 p389
 445	215590331921 977941422745951 1845510259377121 531064192377686524247549698671797855428713498203833561 c257
 447	2683 35445431307877 13665677767386971174453748333443841079 c242
 449	14369 4674443941270693 c429
 451	88919086325289033199 c381
 453	38959 49831 5367478277103625776110671 1988743444617710279595999836107 p236
 455	911 175631 36942048382668980544619913561 72057037864038195989298527342262688886641 573236013626994277781022022978585654644947311 139397282236319122569927698220829009751930337603755594300386510230285560351 p92
 457	5437387 p450
 459	919 12853 2735641 1101414190502577778082877861332115000714073775209495681 c221
 461	792892858054693213 p443
 463	2593305482553889 c447
 465	31 50718862231 151063549389365288761 474226535398761166999927321 c181
 467	154224964466558641 c449
 469	c396
 471	458274224329 c301
 473	947 1116281 3328650659093 4296523694502213981194071003 p371
 475	433201 16891951 34261457162552911201 c328
 477	561907 c307
 479	8409713172345994955133083761 c451
 481	12932430551 c422
 483	14461987 176686231 4828646712337104427 575760557843831535447049 450663669979084462369440511 c180
 485	14551 146750482675162900202561 14139374177495543227906481 381114663987976481223016831 c305
 487	11689 814360427 38084731240799 414975787613882010952043 37906492483728091425671519 c411
 489	15649 1168711 5378079413673378180277027 11120952524491214120396599 c264
 491	3929 25448545716911 21354825951850095163 c454
 493	4950707 89845307 728910361 13273860496747 132537858330391 267412698564244843 192543752926029352863483352536890159 p345
 495	991 18679321 60834511 596298133647227881 16860090181450569942798606214497570829921 c164
 497	6482999209 125570206399417189187 1520363337723230705884649 c366
 499	20959 46805203 52644054893 c476
 501	21816547 62686891446576511 69765939029695396671805971935315347 p273
 503	7043 97262093 8284966482174190121 5547632701960308356770717 38727016237675051314333496391 5786332256181330730363268904162630900199 c379
 505	591829299145105426464189863071 c371
 507	26973251761 6131410474489 58002376984350075862027 26953120377454000308377162599 82638297310634344310411757401076652003 c200
 509	c509
 511	29658238667 c422
 513	241321710362499305354071 p301
 515	5905014721 326345481191 2702394989404991 7073532436575439739956079653594194521 85517237338860102283865323577960208481 c297
 517	174182471 1373000003 c443
 519	1039 14533 27556151204359553942685920311502726470093 c297
 521	1230610745978027 c505
 523	11091951361 4468783297883 49615873816894573 p483
 525	79801 35120401 435288001 4401268665169140025731821222935000987130551 p177
 527	825283 453741012227 12608116535176707758425943211733416917 c426
 529	1383520823947 c494
 531	12288635641 39879723799 5688128591715855679507 4442196588754391864550713411479603 p272
 533	325701010363 1368176150329 167922329034508449526997 c434
 535	59921 c420
 537	17157117027171964099363 c334
 539	6508959689 5715974947453 c398
 541	93053 3076272071 c526
 543	34712893020518440729 73897947065047207693 3923435197184939035671283 4063238920032381354306386614023999095656711243 25777735562862028866275893860507358474449690283 p204
 545	4346911038633671 211723317507540088631 942341755086403716271 170571534068289207623071 p352
 547	5471 11332747 c536
 549	38431 10372295431 194964973961077 p332
 551	4409 c501
 553	2213 3319 8849 230273974603 3037407638341976268658997 185586243006877450990871127217997 c390
 555	14431 169831 994561 5153778841 20786617240933593976831 p241
 557	c557
 559	42889322185015458959 1640328980848973758491841655266823937109121 c443
 561	1123 51613 111262583033346559 p296
 563	165523 5731627814609 c545
 565	58195001 3613129801 78266159669064664908335545629161 c399
 567	15877 1915010942511169366290219191029597 c287
 569	10243 243349572911 c553
 571	5711 494204250530258271880971664799 c537
 573	1542517 6802542547 198130021042483 116830056091194031 c333
 575	1151 28751 19076794900372801 833542292546285551 12602210365183048156129628401 p371
 577	8147324243 938481850248139268016449056596865441 c531
 579	10090900517521 c371
 581	1163 30099122159 177749434630063514597 c459
 583	2333 513041 1454003 2970846878158721 c490
 585	78683340229586000558911 c266
 587	29919391 5575216839487712609 66058321244881452620558993123 p532
 589	c540
 591	2316842929 3707079392784283 7478417919783613513048627 14969825042462452779165494832955385273042368237 p296
 593	1187 c589
 595	9521 10711 c377
 597	p396
 599	8387 c595
 601	42071 12980399 7856127761 125625729984184121 120288423847838034081567909037659444989286271 p518
 603	9649 2056773747750522256947853 c368
 605	9666954991 21625031530930076049789324174801789788831 4111913259706460517707230519067448564134441 c348
 607	10857536471 8030222013165659643947340265695409 c563
 609	41413 1840603883162311 76323429533210963162534182387 c288
 611	7333 76315077954516185354436343718117089011443009 c505
 613	116511326129882791 1338285489332902166657911 1167883827993965201733843631 157818501697366913685542354577959717 417832220121515364538149502380148831 c473
 615	11071 1364071 41766848698222033158540558591648271 234065099292222402013296307835793151 5440907236518498609451112390256369995629321 p198
 617	4830562365700424178611903148293 c586
 619	2477 221603 168551725030519992504486587 c584
 621	11055043 1970554717 30483187506704565749803762042596649 3343594428384401477244840930119560710799 19499003966374286758013299766061908577638088361 c260
 623	456777134507 910062316834122923040613 8913744173664812282361573178107163720093 p453
 625	c501
 627	117877 4297008837333585188170309813 c328
 629	52837 654756293 1789869609522556717733652117803369849 c527
 631	7573 174157 575290435377528477222431 781774227628966741587382632478319186453624083387 p550
 633	351696734449 p409
 635	77471 2893184341398511 c484
 637	36947 p500
 639	1279 2557 165084470475013 20701489453735537731327943094591653 c365
 641	1283 49999 105138885091009723 223886701054873016774410942923722863481 c577
 643	5519598991573697690762117 c618
 645	22915842904896742603909952311 c308
 647	c647
 649	c580
 651	28154449 c353
 653	1307 3919 c646
 655	47161 57641 845103271 c502
 657	c432
 659	1319 5283793003008413 37362749172404658991 c620
 661	807202582263102307 9311454406712762942186137348332121631 c606
 663	124096743448950347413897885639 6600431588546691579150539556898987 117376474464009222292643537185767152422369 p281
 665	7270382120989856668451195353951 c402
 667	37598791 736588045891161601 817570287249241182856484591 c564
 669	62135998966519 80649763373334401462173 c408
 671	c600
 673	14082127888087911132345757 c647
 675	40588518151 3560827503443796697846240351 4348177515570415780024735482615024835016408396509951 c271
 677	36559 24464173807257084820399 c650
 679	6791 20418889 c565
 681	1061391485685440053 365888756981947633065048976186915594603 c396
 683	13145228891800558908885991 c657
 685	8768042471 c535
 687	2269849 147559435693 c439
 689	53 1314613 213344717 8004649043 c598
 691	267225474562601 c676
 693	4159 392239 863479 1288931161109358536051437 5554942852301980900153257637 c293
 695	14578321 c545
 697	16729 932587 c630
 699	1399 2797 65707 10721223053119 8504078367955459941583174189321 c409
 701	674363 p695
 703	291043 794476158282437 c628
 705	132503765953950992641 1456860034716000954336268554361 633522246499398860751489657543532086721 c279
 707	148471 1051641882386139019092626881 45300701590591564515775352503629827321 c531
 709	2837 12763 220710283 2039964190840174286557361738937208489 c656
 711	4470769 213108917271121 5795838804419836817494321 c423
 713	1427 429227 25793489 2258122147769 c632
 715	113550904263415125705905674111 c451
 717	257756838067 391735853209003 20581005474860180761943449 c425
 719	1439 1153277 6699643 3713656876665286297046096029015677459199 c663
 721	1352597 15778575800437997 c590
 723	8677 238591 4115317 3613938637 15331995530557 4361210037733609358729109409 c414
 725	3438562891801 9833081819578001 c532
 727	48764767877747 7908201115270172225537992963 c685
 729	313471 2064529 386953775911 p463
 731	c672
 733	21991 11552081 262394274210613 p707
 735	1471 3036543692071 469177570329493281481 4435800632477356477441 c279
 737	13267 33722173 111474199 1072610081279628159755952424023978827 c605
 739	20693 42813227 78978409 669764569 36736831058062847438160876721 c681
 741	46179121 39116155344319 5205201155353328942447311 c387
 743	99563 18436804973 c727
 745	141551 219031 p582
 747	29780580659959 c479
 749	4107517 11764821974039 p617
 751	4507 c747
 753	4519 52711 299566939471790319733 33680945809553262133489 45316978862713868577793720892923 c417
 755	1511 92111 62459641 124254881 311198063831 c565
 757	40879 988643 485379317 c737
 759	28843 16488517 34629463918296206191 c409
 761	1523 6089 1095841 15286969 c740
 763	388727255716300987513375573 c622
 765	513179642980665929403935269209265889161 p346
 767	305267 52306333 22214840363 2853501516303948010794020280793592455507 c633
 769	245837439989791669889 c748
 771	13575769 360447499142858585353266361 c479
 773	375567158615806379291689 6567859785032228933216616467308837 c715
 775	167358151 6839634510834751 c576
 777	79003664587 531660478441 31505041755035521 c393
 779	1559 2216363377256802272112598482988263591119 c678
 781	1671238529357 c688
 783	158786756527198855370239 87775758732852368588328089882054383747 p443
 785	52436431 161609662871 16663607714329041828185817458928401 953518785219077661964023641554663234725521 c529
 787	26759 213141637 1074022836653095912870566750079013 1629242936815583422402932260494746089387 c702
 789	711679 576131705774077 2561411005081251851356667614081 c473
 791	123397 1177009 142101569 1793584572599 5325832146769 827436967363609 609308862837834547266089 17268952016347267202474461693447627333 c552
 793	12689 236917218980271883 15245248503575271097722288036776511173 c662
 795	19081 90631 663031 1162253431 344987618551 c381
 797	23911 119551 c787
 799	3233701063733083482224795027 c709
 801	352441 1087283809 6505946816292037450243 c492
 803	40151 49787 24732401 c704
 805	4831 27466038861871 38822860084614271 p495
 807	c536
 809	14563 3889295179596839 2635298599812384277 c770
 811	8111 115163 116127974465293039 c785
 813	97561 943081 2115427 364872254227542882241 c503
 815	6521 3664950640511701126041972679226717351 c608
 817	5817041 c750
 819	31123 p428
 821	269527560445483 8960619040080167307529081 c781
 823	12422363 896915001119 124211684172557 c789
 825	143551 155460646275454423201 2088776436021648629103222560680031099644951 p333
 827	292759 391999 64368517867 616816285897369 14461218582246981163 8064516766269216375973031 c746
 829	34619041 33585234780689 3272020671236189826761 7119105415289620398192649 c761
 831	14583704002876908994687648285921 c521
 833	1667 17241400681 437462967083980772202992812213231 c626
 835	c664
 837	90397 621024986257111 c521
 839	1160542709166545329 207347775818679593839129 c797
 841	802899399917 584595938487034373173417828889 c771
 843	3373 435561241 140458423171999 769166959867961874063651865987632601 c498
 845	c624
 847	415031 300219151 3417778231672669420711 c625
 849	52639 7066664060107 28217195926867 271533719442877 21216262306068559 6270932644399676947 416398075788432489799 c463
 851	132757 1644971834881 6034170523968377957 175601110311841251043 133374936895208930184929 64139932977210894940016909359 c684
 853	5119 13649 34505557 872209561 258392363336333 87440115231123175885662305449333 446687009597873860118984450851524186409 c743
 855	6841 c429
 857	3076469045373480936135827287535959 600675575158100017424925351819839677 p787
 859	70439 1175011495709190630041 530524110132565213141176953731316561 c797
 861	1823599 25874773 182254759 6970563251359 76145507419565556508117 p423
 863	6029595757443529 c847
 865	8101591 c682
 867	93101929 1112647111 234771432523 6270681177984151 20086446755059947304637543254330027 74451201112778571232641337987561693 c431
 869	13097569 105348871 1957425076431113050467157 14015913395020912270216751 3761994290873810015831264987 c688
 871	13170883987 20996101283 c772
 873	61604119 9525057815270143863163 76006151210123625540800089 c521
 875	3001275790282832720932976241751 c570
 877	85144824796477722631 13012420703307834400308424223083 c826
 879	1759 3517 97741113012858882906959974210168619962416679 c534
 881	1458709479350351 259637502636563991347 c845
 883	339214979128117733 2634297376211152954240964161 c838
 885	8729641 c458
 887	18068191 c879
 889	14097763 153288409997816784961649 c726
 891	32077 1096402231 140370039613 9565110358849 5106744472749679 122682188785020468836761 c464
 893	1787 37507 965588399 21638150846892565213405304766721 67546577222062051290939533771494672547 10493490498099374383685787869090487099769 c702
 895	252812074841 160448729579634932307271265568632037109271 c660
 897	333099157 764364199 11373376951 c501
 899	480833853881 2257918530532265915349804384025799 323713506321948847919927778598102721 c760
 901	c832
 903	43 123133081 1271662395613 18618429299443 8812951362399248896808929 c445
 905	244351 183355203260814256167361661845275657551 c677
 907	5443 4738169 14772878597 2984177078020717 c870
 909	3637 139987 85556852551 759144383635787638836170905729 1612816483312672025726565521114761 c518
 911	610687278108279762496800394573 41605277357082708822489553190599 c849
 913	59222247151 c810
 915	194358404043406274701984050628681277346956761 c436
 917	10212712805300143601 c761
 919	110281 c914
 921	4706311 42335502497436391 c589
 923	1632253507 104900736929 95520614386871982749923 7487500179911376323952478489837 c766
 925	27751 81401 86951 15754601 1892126351 463490859406324197529951 50030327046424529819657465264201 274125499090940631471415725585238105252201 c593
 927	46351 181693 1405333 43604227 75178674467317 664958944842271489 p557
 929	1227072357897452185681 74329649487187580074245361 6127791928524204283992782779186285283 c845
 931	16759 83791 13071241 7645033117 65385402019201951 c714
 933	1867 3733 339613 481990095942746727246571539537397351 c572
 935	1871 82986894209449271801 189055214380376875384151 c594
 937	28111 470328674254733542690786233353936914093 c893
 939	13147 28240798406787844957 131369166072332929837 18058099647112246283669396610733 4062017815784802926406710656694272589719 p510
 941	865721 308821644859807496323 18801193758731889694379357 c889
 943	11317 c876
 945	p433
 947	32082467 371057329 60652088294264087868916732705751 c899
 949	3797 16071376939333 188763799343264519010677 c824
 951	c632
 953	1907 6318391 c942
 955	9551 174877747107779499609810435786826111 c721
 957	13399 26373826533551311 17506548578727996328201 802204732039400354523746736446071 c485
 959	42197 51787 1308077 4691842518161 293423499820151 c774
 961	c931
 963	3853 59707 206083 2024227 c617
 965	5791 2090191 320547911 72252286009940831 c733
 967	23202003100867637 c950
 969	3877 20914618838030044774844044399597 c542
 971	27237530711 c960
 973	29191 c824
 975	c481
 977	781601 173821595616029786130192270415987 c938
 979	21624593175150651576118356092933 p849
 981	618031 85223052613 522519019285395136870567898673031 c599
 983	4850123 7028459831 219027041216203737409 534106849805517421445196089 c919
 985	1371217135315244092991 c763
 987	8229734311 396177093323095575185036119 c516
 989	43517 397388536697822755088418041521 c890
 991	c991
 993	26165551 414789884827 80393832348759587385841 c619
 995	3807734143200578057671 183547860741134928864038896231 c742
 997	13783871957 569965255146723517 c969
 999	1999 427437692443 68885090548207172944216819625900521 p599
